172.41466, 5.231e-19, 
172.41583, 5.239e-19, 
172.41699, 5.246e-19, 
172.41817, 5.255e-19, 
172.41934, 5.264e-19, 
172.42051, 5.271e-19, 
172.42168, 5.276e-19, 
172.42285, 5.277e-19, 
172.42402, 5.277e-19, 
172.42519, 5.274e-19, 
172.42636, 5.268e-19, 
172.42753, 5.259e-19, 
172.42870, 5.250e-19, 
172.42987, 5.241e-19, 
172.43104, 5.234e-19, 
172.43221, 5.228e-19, 
172.43338, 5.224e-19, 
172.43455, 5.224e-19, 
172.43572, 5.225e-19, 
172.43689, 5.231e-19, 
172.43807, 5.239e-19, 
172.43923, 5.244e-19, 
172.44041, 5.249e-19, 
172.44158, 5.250e-19, 
172.44275, 5.249e-19, 
172.44392, 5.244e-19, 
172.44509, 5.237e-19, 
172.44626, 5.228e-19, 
172.44743, 5.219e-19, 
172.44860, 5.216e-19, 
172.44977, 5.218e-19, 
172.45094, 5.225e-19, 
172.45211, 5.239e-19, 
172.45328, 5.259e-19, 
172.45445, 5.286e-19, 
172.45562, 5.319e-19, 
172.45679, 5.354e-19, 
172.45796, 5.390e-19, 
172.45913, 5.427e-19, 
172.46030, 5.465e-19, 
172.46148, 5.501e-19, 
172.46264, 5.535e-19, 
172.46382, 5.567e-19, 
172.46499, 5.599e-19, 
172.46616, 5.631e-19, 
172.46733, 5.665e-19, 
172.46850, 5.701e-19, 
172.46967, 5.739e-19, 
172.47084, 5.779e-19, 
172.47201, 5.824e-19, 
172.47318, 5.868e-19, 
172.47435, 5.913e-19, 
172.47552, 5.957e-19, 
172.47669, 6.000e-19, 
172.47786, 6.041e-19, 
172.47903, 6.080e-19, 
172.48020, 6.116e-19, 
172.48137, 6.147e-19, 
172.48255, 6.172e-19, 
172.48371, 6.194e-19, 
172.48488, 6.210e-19, 
172.48606, 6.221e-19, 
172.48723, 6.225e-19, 
172.48840, 6.225e-19, 
172.48957, 6.225e-19, 
172.49074, 6.225e-19, 
172.49191, 6.230e-19, 
172.49308, 6.239e-19, 
172.49425, 6.255e-19, 
172.49542, 6.279e-19, 
172.49659, 6.308e-19, 
172.49776, 6.341e-19, 
172.49893, 6.375e-19, 
172.50010, 6.409e-19, 
172.50127, 6.440e-19, 
172.50244, 6.467e-19, 
172.50361, 6.492e-19, 
172.50478, 6.514e-19, 
172.50595, 6.538e-19, 
172.50713, 6.561e-19, 
172.50829, 6.588e-19, 
172.50946, 6.616e-19, 
172.51064, 6.646e-19, 
172.51181, 6.674e-19, 
172.51298, 6.699e-19, 
172.51415, 6.721e-19, 
172.51532, 6.735e-19, 
172.51649, 6.739e-19, 
172.51766, 6.736e-19, 
172.51883, 6.727e-19, 
172.52000, 6.714e-19, 
172.52117, 6.699e-19, 
172.52234, 6.684e-19, 
172.52351, 6.676e-19, 
172.52468, 6.676e-19, 
172.52585, 6.683e-19, 
172.52702, 6.696e-19, 
172.52819, 6.714e-19, 
172.52936, 6.736e-19, 
172.53053, 6.757e-19, 
172.53171, 6.775e-19, 
172.53288, 6.785e-19, 
172.53405, 6.787e-19, 
172.53522, 6.782e-19, 
172.53639, 6.773e-19, 
172.53756, 6.759e-19, 
172.53873, 6.739e-19, 
172.53990, 6.720e-19, 
172.54107, 6.701e-19, 
172.54224, 6.683e-19, 
172.54341, 6.665e-19, 
172.54458, 6.646e-19, 
172.54575, 6.627e-19, 
172.54692, 6.606e-19, 
172.54809, 6.585e-19, 
172.54926, 6.561e-19, 
172.55043, 6.536e-19, 
172.55161, 6.511e-19, 
172.55278, 6.486e-19, 
172.55395, 6.462e-19, 
172.55512, 6.440e-19, 
172.55629, 6.419e-19, 
172.55746, 6.403e-19, 
172.55863, 6.391e-19, 
172.55980, 6.384e-19, 
172.56097, 6.382e-19, 
172.56214, 6.385e-19, 
172.56331, 6.394e-19, 
172.56448, 6.407e-19, 
172.56565, 6.424e-19, 
172.56682, 6.441e-19, 
172.56799, 6.458e-19, 
172.56916, 6.471e-19, 
172.57033, 6.484e-19, 
172.57150, 6.495e-19, 
172.57267, 6.505e-19, 
172.57384, 6.514e-19, 
172.57501, 6.523e-19, 
172.57618, 6.533e-19, 
172.57735, 6.544e-19, 
172.57853, 6.553e-19, 
172.57970, 6.559e-19, 
172.58087, 6.561e-19, 
172.58204, 6.559e-19, 
172.58321, 6.550e-19, 
172.58438, 6.536e-19, 
172.58555, 6.517e-19, 
172.58672, 6.496e-19, 
172.58789, 6.474e-19, 
172.58906, 6.450e-19, 
172.59023, 6.431e-19, 
172.59140, 6.413e-19, 
172.59257, 6.401e-19, 
172.59374, 6.393e-19, 
172.59491, 6.387e-19, 
172.59608, 6.382e-19, 
172.59726, 6.376e-19, 
172.59843, 6.369e-19, 
172.59959, 6.357e-19, 
172.60076, 6.339e-19, 
172.60194, 6.317e-19, 
172.60311, 6.290e-19, 
172.60428, 6.261e-19, 
172.60545, 6.230e-19, 
172.60662, 6.200e-19, 
172.60779, 6.173e-19, 
172.60896, 6.150e-19, 
172.61013, 6.130e-19, 
172.61130, 6.119e-19, 
172.61247, 6.110e-19, 
172.61364, 6.107e-19, 
172.61481, 6.107e-19, 
172.61598, 6.108e-19, 
172.61715, 6.113e-19, 
172.61832, 6.114e-19, 
172.61949, 6.116e-19, 
172.62066, 6.116e-19, 
172.62184, 6.113e-19, 
172.62301, 6.105e-19, 
172.62417, 6.096e-19, 
172.62535, 6.084e-19, 
172.62652, 6.071e-19, 
172.62769, 6.056e-19, 
172.62886, 6.039e-19, 
172.63003, 6.019e-19, 
172.63120, 6.000e-19, 
172.63237, 5.981e-19, 
172.63354, 5.960e-19, 
172.63471, 5.939e-19, 
172.63588, 5.919e-19, 
172.63705, 5.899e-19, 
172.63822, 5.881e-19, 
172.63939, 5.865e-19, 
172.64056, 5.849e-19, 
172.64173, 5.836e-19, 
172.64291, 5.827e-19, 
172.64407, 5.819e-19, 
172.64524, 5.818e-19, 
172.64642, 5.818e-19, 
172.64758, 5.824e-19, 
172.64876, 5.833e-19, 
172.64993, 5.843e-19, 
172.65110, 5.855e-19, 
172.65227, 5.865e-19, 
172.65344, 5.876e-19, 
172.65461, 5.886e-19, 
172.65578, 5.896e-19, 
172.65695, 5.908e-19, 
172.65812, 5.923e-19, 
172.65929, 5.942e-19, 
172.66046, 5.963e-19, 
172.66163, 5.988e-19, 
172.66280, 6.016e-19, 
172.66397, 6.047e-19, 
172.66514, 6.079e-19, 
172.66631, 6.113e-19, 
172.66748, 6.147e-19, 
172.66866, 6.182e-19, 
172.66983, 6.218e-19, 
172.67100, 6.253e-19, 
172.67217, 6.292e-19, 
172.67334, 6.329e-19, 
172.67451, 6.369e-19, 
172.67568, 6.407e-19, 
172.67685, 6.447e-19, 
172.67802, 6.487e-19, 
172.67919, 6.527e-19, 
172.68036, 6.566e-19, 
172.68153, 6.603e-19, 
172.68270, 6.636e-19, 
172.68387, 6.668e-19, 
172.68504, 6.698e-19, 
172.68621, 6.726e-19, 
172.68738, 6.756e-19, 
172.68855, 6.785e-19, 
172.68972, 6.816e-19, 
172.69089, 6.847e-19, 
172.69207, 6.879e-19, 
172.69323, 6.910e-19, 
172.69441, 6.938e-19, 
172.69558, 6.961e-19, 
172.69675, 6.979e-19, 
172.69792, 6.994e-19, 
172.69909, 7.003e-19, 
172.70026, 7.006e-19, 
172.70143, 7.003e-19, 
172.70260, 6.994e-19, 
172.70377, 6.978e-19, 
172.70494, 6.957e-19, 
172.70611, 6.929e-19, 
172.70728, 6.896e-19, 
172.70845, 6.861e-19, 
172.70962, 6.828e-19, 
172.71079, 6.801e-19, 
172.71197, 6.784e-19, 
172.71313, 6.776e-19, 
172.71430, 6.781e-19, 
172.71548, 6.797e-19, 
172.71665, 6.821e-19, 
172.71782, 6.850e-19, 
172.71899, 6.880e-19, 
172.72016, 6.907e-19, 
172.72133, 6.929e-19, 
172.72250, 6.947e-19, 
172.72367, 6.959e-19, 
172.72484, 6.963e-19, 
172.72601, 6.963e-19, 
172.72718, 6.961e-19, 
172.72835, 6.960e-19, 
172.72952, 6.959e-19, 
172.73069, 6.959e-19, 
172.73186, 6.960e-19, 
172.73303, 6.966e-19, 
172.73420, 6.975e-19, 
172.73537, 6.987e-19, 
172.73655, 7.000e-19, 
172.73772, 7.015e-19, 
172.73888, 7.033e-19, 
172.74006, 7.052e-19, 
172.74123, 7.073e-19, 
172.74240, 7.095e-19, 
172.74357, 7.120e-19, 
172.74474, 7.150e-19, 
172.74591, 7.184e-19, 
172.74708, 7.224e-19, 
172.74825, 7.268e-19, 
172.74942, 7.317e-19, 
172.75059, 7.369e-19, 
172.75176, 7.421e-19, 
172.75293, 7.470e-19, 
172.75410, 7.514e-19, 
172.75527, 7.553e-19, 
172.75644, 7.587e-19, 
172.75761, 7.616e-19, 
172.75878, 7.644e-19, 
172.75996, 7.673e-19, 
172.76113, 7.705e-19, 
172.76230, 7.744e-19, 
172.76347, 7.788e-19, 
172.76464, 7.836e-19, 
172.76581, 7.884e-19, 
172.76698, 7.933e-19, 
172.76815, 7.978e-19, 
172.76932, 8.015e-19, 
172.77049, 8.043e-19, 
172.77166, 8.059e-19, 
172.77283, 8.067e-19, 
172.77400, 8.067e-19, 
172.77517, 8.062e-19, 
172.77634, 8.056e-19, 
172.77751, 8.053e-19, 
172.77868, 8.055e-19, 
172.77985, 8.068e-19, 
172.78102, 8.089e-19, 
172.78219, 8.117e-19, 
172.78336, 8.151e-19, 
172.78454, 8.188e-19, 
172.78571, 8.225e-19, 
172.78688, 8.256e-19, 
172.78805, 8.277e-19, 
172.78922, 8.287e-19, 
172.79039, 8.287e-19, 
172.79156, 8.280e-19, 
172.79273, 8.265e-19, 
172.79390, 8.246e-19, 
172.79507, 8.225e-19, 
172.79624, 8.209e-19, 
172.79741, 8.200e-19, 
172.79858, 8.196e-19, 
172.79975, 8.199e-19, 
172.80092, 8.209e-19, 
172.80209, 8.228e-19, 
172.80326, 8.256e-19, 
172.80444, 8.287e-19, 
172.80561, 8.324e-19, 
172.80678, 8.364e-19, 
172.80795, 8.409e-19, 
172.80912, 8.453e-19, 
172.81029, 8.495e-19, 
172.81146, 8.533e-19, 
172.81263, 8.567e-19, 
172.81380, 8.599e-19, 
172.81497, 8.622e-19, 
172.81614, 8.639e-19, 
172.81731, 8.646e-19, 
172.81848, 8.647e-19, 
172.81965, 8.640e-19, 
172.82082, 8.625e-19, 
172.82199, 8.603e-19, 
172.82316, 8.578e-19, 
172.82433, 8.554e-19, 
172.82550, 8.535e-19, 
172.82667, 8.520e-19, 
172.82784, 8.513e-19, 
172.82901, 8.514e-19, 
172.83019, 8.524e-19, 
172.83136, 8.539e-19, 
172.83253, 8.559e-19, 
172.83370, 8.578e-19, 
172.83487, 8.599e-19, 
172.83604, 8.622e-19, 
172.83721, 8.649e-19, 
172.83838, 8.679e-19, 
172.83955, 8.711e-19, 
172.84072, 8.747e-19, 
172.84189, 8.785e-19, 
172.84306, 8.825e-19, 
172.84423, 8.858e-19, 
172.84540, 8.884e-19, 
172.84657, 8.901e-19, 
172.84774, 8.908e-19, 
172.84891, 8.902e-19, 
172.85008, 8.884e-19, 
172.85126, 8.853e-19, 
172.85242, 8.812e-19, 
172.85360, 8.764e-19, 
172.85477, 8.713e-19, 
172.85594, 8.656e-19, 
172.85711, 8.599e-19, 
172.85828, 8.545e-19, 
172.85945, 8.496e-19, 
172.86062, 8.453e-19, 
172.86179, 8.419e-19, 
172.86296, 8.391e-19, 
172.86413, 8.372e-19, 
172.86530, 8.359e-19, 
172.86647, 8.351e-19, 
172.86764, 8.348e-19, 
172.86881, 8.347e-19, 
172.86998, 8.348e-19, 
172.87115, 8.350e-19, 
172.87233, 8.351e-19, 
172.87349, 8.354e-19, 
172.87467, 8.359e-19, 
172.87584, 8.366e-19, 
172.87701, 8.373e-19, 
172.87818, 8.385e-19, 
172.87935, 8.400e-19, 
172.88052, 8.418e-19, 
172.88169, 8.437e-19, 
172.88286, 8.456e-19, 
172.88403, 8.473e-19, 
172.88520, 8.487e-19, 
172.88637, 8.498e-19, 
172.88754, 8.502e-19, 
172.88871, 8.498e-19, 
172.88988, 8.487e-19, 
172.89105, 8.468e-19, 
172.89222, 8.441e-19, 
172.89339, 8.406e-19, 
172.89456, 8.364e-19, 
172.89573, 8.320e-19, 
172.89691, 8.274e-19, 
172.89807, 8.228e-19, 
172.89925, 8.190e-19, 
172.90042, 8.157e-19, 
172.90159, 8.136e-19, 
172.90276, 8.124e-19, 
172.90393, 8.120e-19, 
172.90510, 8.121e-19, 
172.90627, 8.124e-19, 
172.90744, 8.126e-19, 
172.90861, 8.121e-19, 
172.90978, 8.110e-19, 
172.91095, 8.090e-19, 
172.91212, 8.065e-19, 
172.91329, 8.034e-19, 
172.91446, 7.999e-19, 
172.91563, 7.961e-19, 
172.91680, 7.923e-19, 
172.91797, 7.887e-19, 
172.91914, 7.850e-19, 
172.92032, 7.816e-19, 
172.92148, 7.785e-19, 
172.92266, 7.760e-19, 
172.92383, 7.736e-19, 
172.92500, 7.716e-19, 
172.92617, 7.698e-19, 
172.92734, 7.681e-19, 
172.92851, 7.664e-19, 
172.92968, 7.644e-19, 
172.93085, 7.622e-19, 
172.93202, 7.599e-19, 
172.93319, 7.576e-19, 
172.93436, 7.559e-19, 
172.93553, 7.545e-19, 
172.93670, 7.541e-19, 
172.93787, 7.544e-19, 
172.93904, 7.554e-19, 
172.94021, 7.567e-19, 
172.94138, 7.581e-19, 
172.94255, 7.593e-19, 
172.94373, 7.599e-19, 
172.94489, 7.599e-19, 
172.94607, 7.593e-19, 
172.94724, 7.582e-19, 
172.94841, 7.567e-19, 
172.94958, 7.553e-19, 
172.95075, 7.535e-19, 
172.95192, 7.519e-19, 
172.95309, 7.501e-19, 
172.95426, 7.480e-19, 
172.95543, 7.456e-19, 
172.95660, 7.430e-19, 
172.95777, 7.399e-19, 
172.95894, 7.367e-19, 
172.96011, 7.336e-19, 
172.96128, 7.307e-19, 
172.96245, 7.281e-19, 
172.96362, 7.262e-19, 
172.96479, 7.249e-19, 
172.96597, 7.243e-19, 
172.96714, 7.239e-19, 
172.96831, 7.236e-19, 
172.96948, 7.233e-19, 
172.97065, 7.225e-19, 
172.97182, 7.216e-19, 
172.97299, 7.204e-19, 
172.97416, 7.190e-19, 
172.97533, 7.175e-19, 
172.97650, 7.163e-19, 
172.97767, 7.154e-19, 
172.97884, 7.151e-19, 
172.98001, 7.151e-19, 
172.98118, 7.157e-19, 
172.98235, 7.169e-19, 
172.98352, 7.185e-19, 
172.98469, 7.204e-19, 
172.98586, 7.225e-19, 
172.98703, 7.244e-19, 
172.98820, 7.259e-19, 
172.98937, 7.268e-19, 
172.99055, 7.271e-19, 
172.99172, 7.264e-19, 
172.99289, 7.246e-19, 
172.99406, 7.222e-19, 
172.99523, 7.196e-19, 
172.99640, 7.167e-19, 
172.99757, 7.142e-19, 
172.99874, 7.121e-19, 
172.99991, 7.108e-19, 
173.00108, 7.102e-19, 
173.00225, 7.101e-19, 
173.00342, 7.105e-19, 
173.00459, 7.111e-19, 
173.00576, 7.117e-19, 
173.00693, 7.121e-19, 
173.00810, 7.123e-19, 
173.00927, 7.120e-19, 
173.01044, 7.114e-19, 
173.01161, 7.107e-19, 
173.01278, 7.098e-19, 
173.01395, 7.087e-19, 
173.01513, 7.077e-19, 
173.01630, 7.070e-19, 
173.01747, 7.061e-19, 
173.01864, 7.052e-19, 
173.01981, 7.041e-19, 
173.02098, 7.027e-19, 
173.02215, 7.009e-19, 
173.02332, 6.985e-19, 
173.02449, 6.954e-19, 
173.02566, 6.919e-19, 
173.02683, 6.881e-19, 
173.02800, 6.846e-19, 
173.02917, 6.813e-19, 
173.03034, 6.788e-19, 
173.03151, 6.770e-19, 
173.03268, 6.763e-19, 
173.03385, 6.764e-19, 
173.03502, 6.775e-19, 
173.03620, 6.790e-19, 
173.03737, 6.804e-19, 
173.03854, 6.816e-19, 
173.03971, 6.824e-19, 
173.04088, 6.821e-19, 
173.04205, 6.807e-19, 
173.04322, 6.782e-19, 
173.04439, 6.747e-19, 
173.04556, 6.707e-19, 
173.04673, 6.662e-19, 
173.04790, 6.621e-19, 
173.04907, 6.585e-19, 
173.05024, 6.560e-19, 
173.05141, 6.545e-19, 
173.05258, 6.544e-19, 
173.05375, 6.550e-19, 
173.05492, 6.564e-19, 
173.05609, 6.584e-19, 
173.05726, 6.601e-19, 
173.05844, 6.618e-19, 
173.05961, 6.628e-19, 
173.06077, 6.636e-19, 
173.06195, 6.637e-19, 
173.06312, 6.636e-19, 
173.06429, 6.631e-19, 
173.06546, 6.625e-19, 
173.06663, 6.621e-19, 
173.06780, 6.618e-19, 
173.06897, 6.618e-19, 
173.07014, 6.619e-19, 
173.07131, 6.622e-19, 
173.07248, 6.625e-19, 
173.07365, 6.630e-19, 
173.07482, 6.631e-19, 
173.07599, 6.630e-19, 
173.07716, 6.624e-19, 
173.07833, 6.615e-19, 
173.07950, 6.599e-19, 
173.08068, 6.579e-19, 
173.08184, 6.554e-19, 
173.08302, 6.524e-19, 
173.08419, 6.492e-19, 
173.08536, 6.459e-19, 
173.08653, 6.427e-19, 
173.08770, 6.397e-19, 
173.08887, 6.372e-19, 
173.09004, 6.353e-19, 
173.09121, 6.339e-19, 
173.09238, 6.332e-19, 
173.09355, 6.330e-19, 
173.09472, 6.330e-19, 
173.09589, 6.332e-19, 
173.09706, 6.330e-19, 
173.09823, 6.326e-19, 
173.09940, 6.317e-19, 
173.10057, 6.302e-19, 
173.10174, 6.286e-19, 
173.10292, 6.267e-19, 
173.10408, 6.247e-19, 
173.10526, 6.231e-19, 
173.10642, 6.218e-19, 
173.10760, 6.209e-19, 
173.10877, 6.203e-19, 
173.10994, 6.201e-19, 
173.11111, 6.200e-19, 
173.11228, 6.201e-19, 
173.11345, 6.203e-19, 
173.11462, 6.203e-19, 
173.11579, 6.204e-19, 
173.11696, 6.206e-19, 
173.11813, 6.207e-19, 
173.11930, 6.209e-19, 
173.12047, 6.210e-19, 
173.12164, 6.210e-19, 
173.12281, 6.209e-19, 
173.12398, 6.203e-19, 
173.12516, 6.194e-19, 
173.12632, 6.181e-19, 
173.12750, 6.164e-19, 
173.12867, 6.145e-19, 
173.12984, 6.123e-19, 
173.13101, 6.102e-19, 
173.13218, 6.083e-19, 
173.13335, 6.068e-19, 
173.13452, 6.053e-19, 
173.13569, 6.043e-19, 
173.13686, 6.036e-19, 
173.13803, 6.031e-19, 
173.13920, 6.028e-19, 
173.14037, 6.025e-19, 
173.14154, 6.025e-19, 
173.14271, 6.025e-19, 
173.14388, 6.025e-19, 
173.14505, 6.028e-19, 
173.14622, 6.031e-19, 
173.14739, 6.034e-19, 
173.14856, 6.040e-19, 
173.14974, 6.047e-19, 
173.15091, 6.052e-19, 
173.15207, 6.055e-19, 
173.15325, 6.055e-19, 
173.15442, 6.050e-19, 
173.15559, 6.041e-19, 
173.15676, 6.025e-19, 
173.15793, 6.001e-19, 
173.15910, 5.973e-19, 
173.16027, 5.939e-19, 
173.16144, 5.902e-19, 
173.16261, 5.861e-19, 
173.16378, 5.819e-19, 
173.16495, 5.778e-19, 
173.16612, 5.741e-19, 
173.16729, 5.707e-19, 
173.16846, 5.680e-19, 
173.16963, 5.661e-19, 
173.17080, 5.647e-19, 
173.17198, 5.643e-19, 
173.17315, 5.646e-19, 
173.17431, 5.653e-19, 
173.17548, 5.664e-19, 
173.17666, 5.674e-19, 
173.17783, 5.683e-19, 
173.17900, 5.687e-19, 
173.18017, 5.686e-19, 
173.18134, 5.674e-19, 
173.18251, 5.655e-19, 
173.18368, 5.628e-19, 
173.18485, 5.596e-19, 
173.18602, 5.561e-19, 
173.18719, 5.526e-19, 
173.18836, 5.495e-19, 
173.18953, 5.471e-19, 
173.19070, 5.455e-19, 
173.19187, 5.444e-19, 
173.19304, 5.440e-19, 
173.19422, 5.440e-19, 
173.19539, 5.439e-19, 
173.19655, 5.436e-19, 
173.19772, 5.425e-19, 
173.19889, 5.407e-19, 
173.20007, 5.382e-19, 
173.20124, 5.348e-19, 
173.20241, 5.308e-19, 
173.20358, 5.264e-19, 
173.20475, 5.215e-19, 
173.20592, 5.166e-19, 
173.20709, 5.117e-19, 
173.20826, 5.070e-19, 
173.20943, 5.024e-19, 
173.21060, 4.982e-19, 
173.21177, 4.944e-19, 
173.21294, 4.911e-19, 
173.21411, 4.884e-19, 
173.21528, 4.867e-19, 
173.21645, 4.855e-19, 
173.21762, 4.852e-19, 
173.21879, 4.855e-19, 
173.21996, 4.864e-19, 
173.22114, 4.877e-19, 
173.22231, 4.889e-19, 
173.22348, 4.902e-19, 
173.22465, 4.914e-19, 
173.22582, 4.924e-19, 
173.22699, 4.930e-19, 
173.22816, 4.935e-19, 
173.22933, 4.936e-19, 
173.23050, 4.935e-19, 
173.23167, 4.929e-19, 
173.23284, 4.919e-19, 
173.23401, 4.904e-19, 
173.23518, 4.884e-19, 
173.23635, 4.861e-19, 
173.23752, 4.834e-19, 
173.23869, 4.806e-19, 
173.23986, 4.778e-19, 
173.24103, 4.754e-19, 
173.24220, 4.733e-19, 
173.24337, 4.717e-19, 
173.24455, 4.710e-19, 
173.24572, 4.707e-19, 
173.24689, 4.711e-19, 
173.24806, 4.719e-19, 
173.24923, 4.730e-19, 
173.25040, 4.744e-19, 
173.25157, 4.757e-19, 
173.25274, 4.770e-19, 
173.25391, 4.781e-19, 
173.25508, 4.788e-19, 
173.25625, 4.794e-19, 
173.25742, 4.797e-19, 
173.25859, 4.799e-19, 
173.25976, 4.799e-19, 
173.26093, 4.794e-19, 
173.26210, 4.788e-19, 
173.26327, 4.779e-19, 
173.26444, 4.767e-19, 
173.26561, 4.753e-19, 
173.26679, 4.732e-19, 
173.26796, 4.710e-19, 
173.26913, 4.684e-19, 
173.27030, 4.658e-19, 
173.27147, 4.630e-19, 
173.27264, 4.601e-19, 
173.27381, 4.576e-19, 
173.27498, 4.553e-19, 
173.27615, 4.535e-19, 
173.27732, 4.523e-19, 
173.27849, 4.516e-19, 
173.27966, 4.516e-19, 
173.28083, 4.520e-19, 
173.28200, 4.527e-19, 
173.28317, 4.538e-19, 
173.28434, 4.548e-19, 
173.28551, 4.556e-19, 
173.28668, 4.557e-19, 
173.28785, 4.554e-19, 
173.28903, 4.547e-19, 
173.29020, 4.535e-19, 
173.29137, 4.521e-19, 
173.29254, 4.507e-19, 
173.29371, 4.493e-19, 
173.29488, 4.484e-19, 
173.29605, 4.481e-19, 
173.29722, 4.481e-19, 
173.29839, 4.484e-19, 
173.29956, 4.492e-19, 
173.30073, 4.501e-19, 
173.30190, 4.510e-19, 
173.30307, 4.517e-19, 
173.30424, 4.521e-19, 
173.30541, 4.523e-19, 
173.30658, 4.523e-19, 
173.30775, 4.523e-19, 
173.30892, 4.520e-19, 
173.31009, 4.519e-19, 
173.31126, 4.517e-19, 
173.31244, 4.516e-19, 
173.31361, 4.517e-19, 
173.31478, 4.519e-19, 
173.31595, 4.519e-19, 
173.31712, 4.516e-19, 
173.31829, 4.510e-19, 
173.31946, 4.501e-19, 
173.32063, 4.487e-19, 
173.32180, 4.470e-19, 
173.32297, 4.449e-19, 
173.32414, 4.428e-19, 
173.32531, 4.406e-19, 
173.32648, 4.385e-19, 
173.32765, 4.363e-19, 
173.32882, 4.344e-19, 
173.32999, 4.326e-19, 
173.33116, 4.311e-19, 
173.33233, 4.298e-19, 
173.33350, 4.284e-19, 
173.33468, 4.276e-19, 
173.33585, 4.270e-19, 
173.33702, 4.265e-19, 
173.33819, 4.265e-19, 
173.33936, 4.267e-19, 
173.34053, 4.271e-19, 
173.34170, 4.279e-19, 
173.34287, 4.290e-19, 
173.34404, 4.304e-19, 
173.34521, 4.320e-19, 
173.34638, 4.336e-19, 
173.34755, 4.353e-19, 
173.34872, 4.370e-19, 
173.34989, 4.385e-19, 
173.35106, 4.399e-19, 
173.35223, 4.409e-19, 
173.35340, 4.418e-19, 
173.35457, 4.427e-19, 
173.35575, 4.433e-19, 
173.35691, 4.437e-19, 
173.35809, 4.437e-19, 
173.35926, 4.434e-19, 
173.36043, 4.427e-19, 
173.36160, 4.412e-19, 
173.36277, 4.391e-19, 
173.36394, 4.366e-19, 
173.36511, 4.339e-19, 
173.36628, 4.314e-19, 
173.36745, 4.292e-19, 
173.36862, 4.276e-19, 
173.36979, 4.267e-19, 
173.37096, 4.268e-19, 
173.37213, 4.276e-19, 
173.37330, 4.287e-19, 
173.37447, 4.301e-19, 
173.37564, 4.314e-19, 
173.37681, 4.326e-19, 
173.37798, 4.332e-19, 
173.37915, 4.330e-19, 
173.38033, 4.323e-19, 
173.38150, 4.313e-19, 
173.38267, 4.298e-19, 
173.38384, 4.281e-19, 
173.38501, 4.267e-19, 
173.38618, 4.255e-19, 
173.38735, 4.250e-19, 
173.38852, 4.252e-19, 
173.38969, 4.259e-19, 
173.39086, 4.273e-19, 
173.39203, 4.292e-19, 
173.39320, 4.313e-19, 
173.39437, 4.335e-19, 
173.39554, 4.354e-19, 
173.39671, 4.370e-19, 
173.39788, 4.384e-19, 
173.39905, 4.394e-19, 
173.40023, 4.401e-19, 
173.40139, 4.407e-19, 
173.40256, 4.413e-19, 
173.40373, 4.421e-19, 
173.40491, 4.430e-19, 
173.40608, 4.439e-19, 
173.40725, 4.447e-19, 
173.40842, 4.458e-19, 
173.40959, 4.468e-19, 
173.41076, 4.477e-19, 
173.41193, 4.487e-19, 
173.41310, 4.498e-19, 
173.41427, 4.510e-19, 
173.41544, 4.523e-19, 
173.41661, 4.539e-19, 
173.41778, 4.557e-19, 
173.41895, 4.576e-19, 
173.42012, 4.597e-19, 
173.42129, 4.618e-19, 
173.42246, 4.637e-19, 
173.42363, 4.655e-19, 
173.42481, 4.670e-19, 
173.42598, 4.684e-19, 
173.42715, 4.699e-19, 
173.42832, 4.713e-19, 
173.42949, 4.727e-19, 
173.43066, 4.744e-19, 
173.43183, 4.764e-19, 
173.43300, 4.790e-19, 
173.43417, 4.816e-19, 
173.43534, 4.844e-19, 
173.43651, 4.873e-19, 
173.43768, 4.901e-19, 
173.43885, 4.927e-19, 
173.44002, 4.951e-19, 
173.44119, 4.972e-19, 
173.44236, 4.990e-19, 
173.44353, 5.004e-19, 
173.44470, 5.018e-19, 
173.44587, 5.030e-19, 
173.44704, 5.037e-19, 
173.44821, 5.041e-19, 
173.44938, 5.043e-19, 
173.45055, 5.041e-19, 
173.45173, 5.037e-19, 
173.45290, 5.031e-19, 
173.45407, 5.022e-19, 
173.45524, 5.010e-19, 
173.45641, 4.999e-19, 
173.45758, 4.984e-19, 
173.45875, 4.969e-19, 
173.45992, 4.954e-19, 
173.46109, 4.941e-19, 
173.46226, 4.932e-19, 
173.46343, 4.926e-19, 
173.46460, 4.927e-19, 
173.46577, 4.933e-19, 
173.46694, 4.947e-19, 
173.46811, 4.964e-19, 
173.46928, 4.984e-19, 
173.47046, 5.003e-19, 
173.47163, 5.021e-19, 
173.47280, 5.037e-19, 
173.47397, 5.050e-19, 
173.47514, 5.061e-19, 
173.47631, 5.068e-19, 
173.47748, 5.076e-19, 
173.47865, 5.087e-19, 
173.47982, 5.102e-19, 
173.48099, 5.121e-19, 
173.48216, 5.147e-19, 
173.48333, 5.181e-19, 
173.48450, 5.221e-19, 
173.48567, 5.267e-19, 
173.48684, 5.316e-19, 
173.48801, 5.367e-19, 
173.48918, 5.421e-19, 
173.49035, 5.476e-19, 
173.49152, 5.529e-19, 
173.49269, 5.584e-19, 
173.49386, 5.640e-19, 
173.49504, 5.698e-19, 
173.49621, 5.760e-19, 
173.49738, 5.822e-19, 
173.49855, 5.886e-19, 
173.49972, 5.950e-19, 
173.50089, 6.010e-19, 
173.50206, 6.067e-19, 
173.50323, 6.117e-19, 
173.50440, 6.164e-19, 
173.50557, 6.206e-19, 
173.50674, 6.246e-19, 
173.50791, 6.286e-19, 
173.50908, 6.329e-19, 
173.51025, 6.373e-19, 
173.51142, 6.421e-19, 
173.51259, 6.471e-19, 
173.51376, 6.523e-19, 
173.51493, 6.575e-19, 
173.51611, 6.627e-19, 
173.51728, 6.674e-19, 
173.51844, 6.720e-19, 
173.51962, 6.763e-19, 
173.52079, 6.804e-19, 
173.52196, 6.844e-19, 
173.52313, 6.884e-19, 
173.52430, 6.924e-19, 
173.52547, 6.964e-19, 
173.52664, 7.006e-19, 
173.52781, 7.046e-19, 
173.52898, 7.087e-19, 
173.53015, 7.127e-19, 
173.53132, 7.167e-19, 
173.53249, 7.207e-19, 
173.53366, 7.244e-19, 
173.53483, 7.280e-19, 
173.53600, 7.313e-19, 
173.53717, 7.344e-19, 
173.53835, 7.370e-19, 
173.53951, 7.393e-19, 
173.54069, 7.410e-19, 
173.54186, 7.425e-19, 
173.54303, 7.437e-19, 
173.54420, 7.449e-19, 
173.54537, 7.461e-19, 
173.54654, 7.473e-19, 
173.54771, 7.486e-19, 
173.54888, 7.502e-19, 
173.55005, 7.516e-19, 
173.55122, 7.527e-19, 
173.55239, 7.532e-19, 
173.55356, 7.532e-19, 
173.55473, 7.526e-19, 
173.55590, 7.514e-19, 
173.55707, 7.499e-19, 
173.55824, 7.483e-19, 
173.55941, 7.465e-19, 
173.56058, 7.452e-19, 
173.56175, 7.440e-19, 
173.56293, 7.430e-19, 
173.56410, 7.421e-19, 
173.56527, 7.413e-19, 
173.56644, 7.409e-19, 
173.56761, 7.406e-19, 
173.56878, 7.407e-19, 
173.56995, 7.413e-19, 
173.57112, 7.422e-19, 
173.57229, 7.437e-19, 
173.57346, 7.455e-19, 
173.57463, 7.476e-19, 
173.57580, 7.498e-19, 
173.57697, 7.520e-19, 
173.57814, 7.542e-19, 
173.57931, 7.566e-19, 
173.58048, 7.588e-19, 
173.58165, 7.613e-19, 
173.58282, 7.639e-19, 
173.58399, 7.665e-19, 
173.58516, 7.690e-19, 
173.58634, 7.714e-19, 
173.58751, 7.732e-19, 
173.58868, 7.745e-19, 
173.58985, 7.753e-19, 
173.59102, 7.753e-19, 
173.59219, 7.745e-19, 
173.59336, 7.733e-19, 
173.59453, 7.719e-19, 
173.59570, 7.704e-19, 
173.59687, 7.687e-19, 
173.59804, 7.673e-19, 
173.59921, 7.661e-19, 
173.60038, 7.653e-19, 
173.60155, 7.653e-19, 
173.60272, 7.659e-19, 
173.60389, 7.673e-19, 
173.60506, 7.693e-19, 
173.60623, 7.719e-19, 
173.60740, 7.748e-19, 
173.60857, 7.778e-19, 
173.60975, 7.806e-19, 
173.61092, 7.831e-19, 
173.61209, 7.852e-19, 
173.61326, 7.870e-19, 
173.61443, 7.883e-19, 
173.61560, 7.895e-19, 
173.61677, 7.908e-19, 
173.61794, 7.924e-19, 
173.61911, 7.941e-19, 
173.62028, 7.960e-19, 
173.62145, 7.982e-19, 
173.62262, 8.003e-19, 
173.62379, 8.025e-19, 
173.62496, 8.046e-19, 
173.62613, 8.068e-19, 
173.62730, 8.092e-19, 
173.62847, 8.117e-19, 
173.62964, 8.144e-19, 
173.63081, 8.173e-19, 
173.63199, 8.204e-19, 
173.63316, 8.236e-19, 
173.63433, 8.264e-19, 
173.63550, 8.292e-19, 
173.63667, 8.314e-19, 
173.63784, 8.335e-19, 
173.63901, 8.354e-19, 
173.64018, 8.372e-19, 
173.64135, 8.393e-19, 
173.64252, 8.415e-19, 
173.64369, 8.440e-19, 
173.64486, 8.471e-19, 
173.64603, 8.505e-19, 
173.64720, 8.544e-19, 
173.64837, 8.584e-19, 
173.64954, 8.627e-19, 
173.65071, 8.671e-19, 
173.65188, 8.714e-19, 
173.65305, 8.757e-19, 
173.65422, 8.801e-19, 
173.65540, 8.846e-19, 
173.65657, 8.892e-19, 
173.65774, 8.939e-19, 
173.65891, 8.993e-19, 
173.66008, 9.052e-19, 
173.66125, 9.116e-19, 
173.66242, 9.187e-19, 
173.66359, 9.265e-19, 
173.66476, 9.350e-19, 
173.66593, 9.439e-19, 
173.66710, 9.532e-19, 
173.66827, 9.628e-19, 
173.66944, 9.727e-19, 
173.67061, 9.824e-19, 
173.67178, 9.916e-19, 
173.67295, 9.999e-19, 
173.67412, 1.007e-18, 
173.67529, 1.014e-18, 
173.67646, 1.019e-18, 
173.67764, 1.022e-18, 
173.67881, 1.025e-18, 
173.67998, 1.026e-18, 
173.68115, 1.028e-18, 
173.68232, 1.029e-18, 
173.68349, 1.031e-18, 
173.68466, 1.033e-18, 
173.68583, 1.035e-18, 
173.68700, 1.039e-18, 
173.68817, 1.043e-18, 
173.68934, 1.047e-18, 
173.69051, 1.052e-18, 
173.69168, 1.056e-18, 
173.69285, 1.060e-18, 
173.69402, 1.063e-18, 
173.69519, 1.065e-18, 
173.69636, 1.067e-18, 
173.69753, 1.068e-18, 
173.69871, 1.069e-18, 
173.69988, 1.070e-18, 
173.70104, 1.072e-18, 
173.70221, 1.074e-18, 
173.70339, 1.077e-18, 
173.70456, 1.080e-18, 
173.70573, 1.083e-18, 
173.70690, 1.086e-18, 
173.70807, 1.089e-18, 
173.70924, 1.092e-18, 
173.71041, 1.094e-18, 
173.71158, 1.096e-18, 
173.71275, 1.098e-18, 
173.71392, 1.100e-18, 
173.71509, 1.102e-18, 
173.71626, 1.104e-18, 
173.71743, 1.105e-18, 
173.71860, 1.107e-18, 
173.71977, 1.108e-18, 
173.72094, 1.109e-18, 
173.72212, 1.109e-18, 
173.72328, 1.109e-18, 
173.72445, 1.109e-18, 
173.72563, 1.109e-18, 
173.72680, 1.109e-18, 
173.72797, 1.109e-18, 
173.72914, 1.109e-18, 
173.73031, 1.109e-18, 
173.73148, 1.110e-18, 
173.73265, 1.112e-18, 
173.73382, 1.113e-18, 
173.73499, 1.116e-18, 
173.73616, 1.118e-18, 
173.73733, 1.120e-18, 
173.73850, 1.123e-18, 
173.73967, 1.125e-18, 
173.74084, 1.127e-18, 
173.74201, 1.128e-18, 
173.74318, 1.130e-18, 
173.74435, 1.131e-18, 
173.74553, 1.131e-18, 
173.74669, 1.132e-18, 
173.74787, 1.133e-18, 
173.74904, 1.135e-18, 
173.75021, 1.137e-18, 
173.75138, 1.140e-18, 
173.75255, 1.143e-18, 
173.75372, 1.146e-18, 
173.75489, 1.147e-18, 
173.75606, 1.148e-18, 
173.75724, 1.147e-18, 
173.75841, 1.145e-18, 
173.75958, 1.142e-18, 
173.76076, 1.138e-18, 
173.76193, 1.134e-18, 
173.76310, 1.130e-18, 
173.76427, 1.126e-18, 
173.76545, 1.123e-18, 
173.76662, 1.120e-18, 
173.76779, 1.119e-18, 
173.76896, 1.117e-18, 
173.77013, 1.116e-18, 
173.77130, 1.114e-18, 
173.77248, 1.112e-18, 
173.77365, 1.111e-18, 
173.77482, 1.109e-18, 
173.77599, 1.107e-18, 
173.77716, 1.105e-18, 
173.77833, 1.104e-18, 
173.77951, 1.102e-18, 
173.78068, 1.101e-18, 
173.78185, 1.100e-18, 
173.78302, 1.100e-18, 
173.78419, 1.099e-18, 
173.78536, 1.098e-18, 
173.78653, 1.097e-18, 
173.78770, 1.096e-18, 
173.78887, 1.095e-18, 
173.79005, 1.093e-18, 
173.79122, 1.090e-18, 
173.79239, 1.087e-18, 
173.79356, 1.084e-18, 
173.79473, 1.081e-18, 
173.79590, 1.078e-18, 
173.79707, 1.075e-18, 
173.79824, 1.073e-18, 
173.79941, 1.071e-18, 
173.80058, 1.069e-18, 
173.80175, 1.068e-18, 
173.80292, 1.067e-18, 
173.80409, 1.067e-18, 
173.80526, 1.066e-18, 
173.80643, 1.065e-18, 
173.80760, 1.064e-18, 
173.80877, 1.063e-18, 
173.80994, 1.061e-18, 
173.81111, 1.059e-18, 
173.81228, 1.056e-18, 
173.81345, 1.053e-18, 
173.81462, 1.050e-18, 
173.81579, 1.047e-18, 
173.81696, 1.044e-18, 
173.81813, 1.041e-18, 
173.81930, 1.039e-18, 
173.82047, 1.037e-18, 
173.82163, 1.035e-18, 
173.82280, 1.033e-18, 
173.82397, 1.031e-18, 
173.82514, 1.029e-18, 
173.82631, 1.027e-18, 
173.82748, 1.024e-18, 
173.82865, 1.021e-18, 
173.82982, 1.019e-18, 
173.83099, 1.017e-18, 
173.83216, 1.016e-18, 
173.83333, 1.015e-18, 
173.83449, 1.015e-18, 
173.83566, 1.015e-18, 
173.83683, 1.016e-18, 
173.83800, 1.017e-18, 
173.83917, 1.018e-18, 
173.84034, 1.019e-18, 
173.84150, 1.020e-18, 
173.84267, 1.020e-18, 
173.84384, 1.020e-18, 
173.84501, 1.020e-18, 
173.84617, 1.020e-18, 
173.84734, 1.020e-18, 
173.84851, 1.019e-18, 
173.84968, 1.017e-18, 
173.85085, 1.016e-18, 
173.85201, 1.014e-18, 
173.85318, 1.012e-18, 
173.85435, 1.010e-18, 
173.85552, 1.009e-18, 
173.85668, 1.007e-18, 
173.85785, 1.006e-18, 
173.85902, 1.005e-18, 
173.86019, 1.004e-18, 
173.86135, 1.004e-18, 
173.86252, 1.004e-18, 
173.86368, 1.003e-18, 
173.86485, 1.002e-18, 
173.86602, 1.000e-18, 
173.86719, 9.978e-19, 
173.86835, 9.947e-19, 
173.86952, 9.911e-19, 
173.87069, 9.870e-19, 
173.87186, 9.828e-19, 
173.87302, 9.787e-19, 
173.87419, 9.745e-19, 
173.87535, 9.704e-19, 
173.87652, 9.664e-19, 
173.87769, 9.627e-19, 
173.87885, 9.594e-19, 
173.88002, 9.561e-19, 
173.88119, 9.536e-19, 
173.88235, 9.517e-19, 
173.88352, 9.502e-19, 
173.88468, 9.493e-19, 
173.88585, 9.486e-19, 
173.88701, 9.479e-19, 
173.88818, 9.471e-19, 
173.88935, 9.458e-19, 
173.89051, 9.437e-19, 
173.89168, 9.409e-19, 
173.89284, 9.373e-19, 
173.89401, 9.333e-19, 
173.89517, 9.289e-19, 
173.89634, 9.241e-19, 
173.89750, 9.196e-19, 
173.89867, 9.151e-19, 
173.89984, 9.108e-19, 
173.90100, 9.064e-19, 
173.90216, 9.022e-19, 
173.90333, 8.981e-19, 
173.90450, 8.944e-19, 
173.90566, 8.908e-19, 
173.90683, 8.880e-19, 
173.90799, 8.859e-19, 
173.90915, 8.850e-19, 
173.91032, 8.852e-19, 
173.91148, 8.867e-19, 
173.91265, 8.890e-19, 
173.91381, 8.923e-19, 
173.91498, 8.963e-19, 
173.91614, 9.004e-19, 
173.91731, 9.044e-19, 
173.91847, 9.076e-19, 
173.91963, 9.096e-19, 
173.92080, 9.104e-19, 
173.92196, 9.098e-19, 
173.92312, 9.073e-19, 
173.92429, 9.037e-19, 
173.92545, 8.991e-19, 
173.92662, 8.938e-19, 
173.92754, 8.895e-19, 
173.92847, 8.850e-19, 
173.92963, 8.809e-19, 
173.93081, 8.776e-19, 
173.93197, 8.754e-19, 
173.93314, 8.744e-19, 
173.93431, 8.741e-19, 
173.93548, 8.747e-19, 
173.93664, 8.757e-19, 
173.93781, 8.770e-19, 
173.93898, 8.785e-19, 
173.94015, 8.800e-19, 
173.94132, 8.818e-19, 
173.94248, 8.834e-19, 
173.94365, 8.850e-19, 
173.94482, 8.865e-19, 
173.94598, 8.881e-19, 
173.94715, 8.893e-19, 
173.94832, 8.902e-19, 
173.94949, 8.907e-19, 
173.95065, 8.907e-19, 
173.95182, 8.904e-19, 
173.95299, 8.893e-19, 
173.95415, 8.880e-19, 
173.95532, 8.865e-19, 
173.95649, 8.850e-19, 
173.95766, 8.834e-19, 
173.95882, 8.818e-19, 
173.95999, 8.804e-19, 
173.96116, 8.794e-19, 
173.96232, 8.784e-19, 
173.96349, 8.776e-19, 
173.96466, 8.767e-19, 
173.96582, 8.763e-19, 
173.96699, 8.757e-19, 
173.96815, 8.753e-19, 
173.96932, 8.747e-19, 
173.97049, 8.738e-19, 
173.97165, 8.729e-19, 
173.97282, 8.714e-19, 
173.97398, 8.695e-19, 
173.97515, 8.668e-19, 
173.97631, 8.637e-19, 
173.97748, 8.601e-19, 
173.97865, 8.564e-19, 
173.97981, 8.527e-19, 
173.98098, 8.492e-19, 
173.98214, 8.464e-19, 
173.98331, 8.440e-19, 
173.98447, 8.422e-19, 
173.98564, 8.409e-19, 
173.98680, 8.400e-19, 
173.98797, 8.393e-19, 
173.98914, 8.384e-19, 
173.99030, 8.378e-19, 
173.99146, 8.372e-19, 
173.99263, 8.367e-19, 
173.99379, 8.367e-19, 
173.99496, 8.372e-19, 
173.99613, 8.384e-19, 
173.99729, 8.399e-19, 
173.99845, 8.416e-19, 
173.99962, 8.433e-19, 
174.00078, 8.447e-19, 
174.00195, 8.455e-19, 
174.00311, 8.455e-19, 
174.00428, 8.446e-19, 
174.00544, 8.431e-19, 
174.00660, 8.412e-19, 
174.00777, 8.391e-19, 
174.00893, 8.370e-19, 
174.01010, 8.351e-19, 
174.01126, 8.336e-19, 
174.01242, 8.323e-19, 
174.01359, 8.314e-19, 
174.01475, 8.304e-19, 
174.01592, 8.293e-19, 
174.01708, 8.281e-19, 
174.01824, 8.268e-19, 
174.01941, 8.253e-19, 
174.02057, 8.240e-19, 
174.02173, 8.227e-19, 
174.02290, 8.216e-19, 
174.02406, 8.209e-19, 
174.02522, 8.206e-19, 
174.02639, 8.206e-19, 
174.02755, 8.207e-19, 
174.02871, 8.215e-19, 
174.02988, 8.221e-19, 
174.03104, 8.225e-19, 
174.03220, 8.225e-19, 
174.03337, 8.219e-19, 
174.03453, 8.207e-19, 
174.03569, 8.188e-19, 
174.03685, 8.164e-19, 
174.03802, 8.138e-19, 
174.03918, 8.108e-19, 
174.04034, 8.081e-19, 
174.04150, 8.061e-19, 
174.04266, 8.043e-19, 
174.04383, 8.033e-19, 
174.04499, 8.031e-19, 
174.04615, 8.036e-19, 
174.04731, 8.047e-19, 
174.04847, 8.065e-19, 
174.04964, 8.084e-19, 
174.05080, 8.105e-19, 
174.05196, 8.123e-19, 
174.05313, 8.136e-19, 
174.05429, 8.141e-19, 
174.05545, 8.135e-19, 
174.05661, 8.114e-19, 
174.05778, 8.080e-19, 
174.05894, 8.034e-19, 
174.06010, 7.978e-19, 
174.06127, 7.917e-19, 
174.06243, 7.853e-19, 
174.06359, 7.791e-19, 
174.06476, 7.738e-19, 
174.06592, 7.693e-19, 
174.06708, 7.659e-19, 
174.06824, 7.633e-19, 
174.06941, 7.613e-19, 
174.07057, 7.601e-19, 
174.07173, 7.594e-19, 
174.07289, 7.588e-19, 
174.07406, 7.581e-19, 
174.07522, 7.573e-19, 
174.07638, 7.566e-19, 
174.07755, 7.560e-19, 
174.07871, 7.554e-19, 
174.07987, 7.550e-19, 
174.08103, 7.550e-19, 
174.08220, 7.554e-19, 
174.08336, 7.561e-19, 
174.08452, 7.570e-19, 
174.08569, 7.581e-19, 
174.08685, 7.590e-19, 
174.08801, 7.597e-19, 
174.08917, 7.600e-19, 
174.09034, 7.597e-19, 
174.09150, 7.590e-19, 
174.09266, 7.575e-19, 
174.09383, 7.556e-19, 
174.09499, 7.532e-19, 
174.09615, 7.501e-19, 
174.09731, 7.464e-19, 
174.09848, 7.422e-19, 
174.09964, 7.376e-19, 
174.10080, 7.327e-19, 
174.10197, 7.276e-19, 
174.10313, 7.225e-19, 
174.10429, 7.179e-19, 
174.10545, 7.136e-19, 
174.10662, 7.104e-19, 
174.10778, 7.077e-19, 
174.10894, 7.061e-19, 
174.11011, 7.053e-19, 
174.11127, 7.053e-19, 
174.11243, 7.059e-19, 
174.11359, 7.073e-19, 
174.11476, 7.089e-19, 
174.11592, 7.110e-19, 
174.11708, 7.132e-19, 
174.11825, 7.154e-19, 
174.11941, 7.173e-19, 
174.12057, 7.190e-19, 
174.12173, 7.201e-19, 
174.12290, 7.207e-19, 
174.12406, 7.209e-19, 
174.12522, 7.207e-19, 
174.12638, 7.204e-19, 
174.12755, 7.201e-19, 
174.12871, 7.203e-19, 
174.12987, 7.207e-19, 
174.13103, 7.218e-19, 
174.13220, 7.231e-19, 
174.13336, 7.250e-19, 
174.13452, 7.274e-19, 
174.13569, 7.301e-19, 
174.13685, 7.326e-19, 
174.13801, 7.351e-19, 
174.13918, 7.376e-19, 
174.14034, 7.401e-19, 
174.14150, 7.425e-19, 
174.14266, 7.449e-19, 
174.14383, 7.473e-19, 
174.14499, 7.498e-19, 
174.14615, 7.526e-19, 
174.14732, 7.556e-19, 
174.14848, 7.585e-19, 
174.14964, 7.616e-19, 
174.15080, 7.646e-19, 
174.15197, 7.674e-19, 
174.15313, 7.701e-19, 
174.15429, 7.724e-19, 
174.15546, 7.745e-19, 
174.15662, 7.763e-19, 
174.15778, 7.779e-19, 
174.15894, 7.793e-19, 
174.16011, 7.803e-19, 
174.16127, 7.810e-19, 
174.16243, 7.813e-19, 
174.16359, 7.813e-19, 
174.16476, 7.807e-19, 
174.16592, 7.797e-19, 
174.16708, 7.784e-19, 
174.16825, 7.769e-19, 
174.16941, 7.754e-19, 
174.17057, 7.744e-19, 
174.17174, 7.736e-19, 
174.17290, 7.733e-19, 
174.17406, 7.735e-19, 
174.17522, 7.738e-19, 
174.17639, 7.738e-19, 
174.17755, 7.733e-19, 
174.17871, 7.720e-19, 
174.17987, 7.698e-19, 
174.18104, 7.667e-19, 
174.18220, 7.628e-19, 
174.18336, 7.590e-19, 
174.18453, 7.554e-19, 
174.18569, 7.527e-19, 
174.18685, 7.516e-19, 
174.18802, 7.520e-19, 
174.18918, 7.542e-19, 
174.19034, 7.581e-19, 
174.19150, 7.634e-19, 
174.19266, 7.698e-19, 
174.19383, 7.766e-19, 
174.19499, 7.833e-19, 
174.19615, 7.895e-19, 
174.19732, 7.950e-19, 
174.19848, 7.994e-19, 
174.19964, 8.027e-19, 
174.20081, 8.050e-19, 
174.20197, 8.067e-19, 
174.20313, 8.080e-19, 
174.20429, 8.090e-19, 
174.20546, 8.101e-19, 
174.20662, 8.116e-19, 
174.20778, 8.133e-19, 
174.20894, 8.150e-19, 
174.21011, 8.163e-19, 
174.21127, 8.172e-19, 
174.21243, 8.173e-19, 
174.21360, 8.166e-19, 
174.21476, 8.148e-19, 
174.21592, 8.121e-19, 
174.21708, 8.093e-19, 
174.21825, 8.064e-19, 
174.21941, 8.037e-19, 
174.22057, 8.015e-19, 
174.22173, 8.001e-19, 
174.22290, 7.997e-19, 
174.22406, 8.001e-19, 
174.22522, 8.012e-19, 
174.22639, 8.025e-19, 
174.22755, 8.041e-19, 
174.22871, 8.061e-19, 
174.22988, 8.077e-19, 
174.23104, 8.090e-19, 
174.23220, 8.102e-19, 
174.23336, 8.111e-19, 
174.23453, 8.117e-19, 
174.23569, 8.119e-19, 
174.23685, 8.116e-19, 
174.23801, 8.110e-19, 
174.23918, 8.099e-19, 
174.24034, 8.084e-19, 
174.24150, 8.065e-19, 
174.24267, 8.043e-19, 
174.24383, 8.018e-19, 
174.24499, 7.988e-19, 
174.24615, 7.956e-19, 
174.24732, 7.920e-19, 
174.24848, 7.880e-19, 
174.24964, 7.836e-19, 
174.25081, 7.787e-19, 
174.25197, 7.732e-19, 
174.25313, 7.676e-19, 
174.25429, 7.618e-19, 
174.25546, 7.560e-19, 
174.25662, 7.505e-19, 
174.25778, 7.459e-19, 
174.25895, 7.422e-19, 
174.26011, 7.400e-19, 
174.26127, 7.393e-19, 
174.26244, 7.399e-19, 
174.26360, 7.418e-19, 
174.26476, 7.447e-19, 
174.26592, 7.481e-19, 
174.26708, 7.519e-19, 
174.26825, 7.551e-19, 
174.26941, 7.573e-19, 
174.27057, 7.585e-19, 
174.27174, 7.585e-19, 
174.27290, 7.575e-19, 
174.27406, 7.554e-19, 
174.27522, 7.524e-19, 
174.27639, 7.492e-19, 
174.27755, 7.458e-19, 
174.27871, 7.427e-19, 
174.27988, 7.397e-19, 
174.28104, 7.369e-19, 
174.28220, 7.342e-19, 
174.28336, 7.319e-19, 
174.28453, 7.293e-19, 
174.28569, 7.265e-19, 
174.28685, 7.236e-19, 
174.28802, 7.206e-19, 
174.28918, 7.176e-19, 
174.29034, 7.144e-19, 
174.29150, 7.113e-19, 
174.29267, 7.080e-19, 
174.29383, 7.050e-19, 
174.29499, 7.019e-19, 
174.29616, 6.987e-19, 
174.29732, 6.957e-19, 
174.29848, 6.930e-19, 
174.29964, 6.907e-19, 
174.30081, 6.884e-19, 
174.30197, 6.862e-19, 
174.30313, 6.844e-19, 
174.30429, 6.827e-19, 
174.30546, 6.809e-19, 
174.30662, 6.788e-19, 
174.30779, 6.764e-19, 
174.30895, 6.738e-19, 
174.31011, 6.710e-19, 
174.31127, 6.680e-19, 
174.31243, 6.652e-19, 
174.31360, 6.624e-19, 
174.31476, 6.599e-19, 
174.31592, 6.579e-19, 
174.31709, 6.563e-19, 
174.31825, 6.548e-19, 
174.31941, 6.536e-19, 
174.32057, 6.527e-19, 
174.32174, 6.520e-19, 
174.32290, 6.516e-19, 
174.32406, 6.514e-19, 
174.32523, 6.516e-19, 
174.32639, 6.520e-19, 
174.32755, 6.529e-19, 
174.32872, 6.539e-19, 
174.32988, 6.550e-19, 
174.33104, 6.556e-19, 
174.33220, 6.554e-19, 
174.33337, 6.544e-19, 
174.33453, 6.524e-19, 
174.33569, 6.499e-19, 
174.33685, 6.467e-19, 
174.33802, 6.436e-19, 
174.33918, 6.407e-19, 
174.34034, 6.390e-19, 
174.34151, 6.388e-19, 
174.34267, 6.401e-19, 
174.34383, 6.433e-19, 
174.34499, 6.477e-19, 
174.34616, 6.530e-19, 
174.34732, 6.590e-19, 
174.34848, 6.647e-19, 
174.34965, 6.701e-19, 
174.35081, 6.745e-19, 
174.35197, 6.782e-19, 
174.35314, 6.813e-19, 
174.35430, 6.841e-19, 
174.35546, 6.871e-19, 
174.35662, 6.904e-19, 
174.35779, 6.945e-19, 
174.35895, 6.999e-19, 
174.36011, 7.062e-19, 
174.36127, 7.136e-19, 
174.36244, 7.221e-19, 
174.36360, 7.310e-19, 
174.36476, 7.401e-19, 
174.36592, 7.495e-19, 
174.36709, 7.588e-19, 
174.36825, 7.683e-19, 
174.36941, 7.778e-19, 
174.37058, 7.873e-19, 
174.37174, 7.970e-19, 
174.37290, 8.073e-19, 
174.37406, 8.178e-19, 
174.37523, 8.281e-19, 
174.37639, 8.387e-19, 
174.37755, 8.489e-19, 
174.37872, 8.585e-19, 
174.37988, 8.673e-19, 
174.38104, 8.753e-19, 
174.38220, 8.827e-19, 
174.38337, 8.893e-19, 
174.38453, 8.954e-19, 
174.38569, 9.009e-19, 
174.38685, 9.059e-19, 
174.38802, 9.105e-19, 
174.38918, 9.147e-19, 
174.39035, 9.181e-19, 
174.39151, 9.209e-19, 
174.39267, 9.234e-19, 
174.39383, 9.256e-19, 
174.39500, 9.280e-19, 
174.39616, 9.305e-19, 
174.39732, 9.336e-19, 
174.39848, 9.373e-19, 
174.39965, 9.415e-19, 
174.40081, 9.458e-19, 
174.40197, 9.501e-19, 
174.40313, 9.542e-19, 
174.40430, 9.579e-19, 
174.40546, 9.607e-19, 
174.40662, 9.630e-19, 
174.40779, 9.646e-19, 
174.40895, 9.661e-19, 
174.41011, 9.671e-19, 
174.41127, 9.681e-19, 
174.41244, 9.692e-19, 
174.41360, 9.707e-19, 
174.41476, 9.723e-19, 
174.41593, 9.739e-19, 
174.41709, 9.753e-19, 
174.41825, 9.766e-19, 
174.41941, 9.779e-19, 
174.42058, 9.793e-19, 
174.42174, 9.806e-19, 
174.42290, 9.821e-19, 
174.42407, 9.839e-19, 
174.42523, 9.859e-19, 
174.42639, 9.880e-19, 
174.42755, 9.898e-19, 
174.42872, 9.910e-19, 
174.42988, 9.913e-19, 
174.43104, 9.907e-19, 
174.43221, 9.890e-19, 
174.43337, 9.865e-19, 
174.43453, 9.834e-19, 
174.43570, 9.803e-19, 
174.43686, 9.773e-19, 
174.43802, 9.753e-19, 
174.43918, 9.739e-19, 
174.44034, 9.733e-19, 
174.44151, 9.735e-19, 
174.44267, 9.744e-19, 
174.44383, 9.754e-19, 
174.44500, 9.763e-19, 
174.44616, 9.767e-19, 
174.44732, 9.767e-19, 
174.44849, 9.761e-19, 
174.44965, 9.753e-19, 
174.45081, 9.742e-19, 
174.45197, 9.732e-19, 
174.45314, 9.726e-19, 
174.45430, 9.724e-19, 
174.45546, 9.727e-19, 
174.45662, 9.732e-19, 
174.45779, 9.735e-19, 
174.45895, 9.733e-19, 
174.46011, 9.724e-19, 
174.46128, 9.704e-19, 
174.46244, 9.673e-19, 
174.46360, 9.630e-19, 
174.46476, 9.578e-19, 
174.46593, 9.521e-19, 
174.46709, 9.467e-19, 
174.46825, 9.418e-19, 
174.46942, 9.376e-19, 
174.47058, 9.345e-19, 
174.47174, 9.326e-19, 
174.47290, 9.316e-19, 
174.47407, 9.310e-19, 
174.47523, 9.304e-19, 
174.47639, 9.292e-19, 
174.47756, 9.270e-19, 
174.47872, 9.236e-19, 
174.47988, 9.184e-19, 
174.48104, 9.119e-19, 
174.48221, 9.039e-19, 
174.48337, 8.953e-19, 
174.48453, 8.865e-19, 
174.48569, 8.782e-19, 
174.48686, 8.708e-19, 
174.48802, 8.649e-19, 
174.48918, 8.606e-19, 
174.49035, 8.579e-19, 
174.49151, 8.564e-19, 
174.49267, 8.557e-19, 
174.49383, 8.551e-19, 
174.49500, 8.542e-19, 
174.49616, 8.524e-19, 
174.49732, 8.496e-19, 
174.49848, 8.458e-19, 
174.49965, 8.407e-19, 
174.50081, 8.351e-19, 
174.50197, 8.290e-19, 
174.50314, 8.233e-19, 
174.50430, 8.179e-19, 
174.50546, 8.133e-19, 
174.50663, 8.093e-19, 
174.50779, 8.061e-19, 
174.50895, 8.036e-19, 
174.51011, 8.015e-19, 
174.51128, 7.994e-19, 
174.51244, 7.973e-19, 
174.51360, 7.953e-19, 
174.51476, 7.933e-19, 
174.51593, 7.914e-19, 
174.51709, 7.895e-19, 
174.51825, 7.877e-19, 
174.51942, 7.862e-19, 
174.52058, 7.852e-19, 
174.52174, 7.840e-19, 
174.52291, 7.825e-19, 
174.52407, 7.807e-19, 
174.52523, 7.785e-19, 
174.52639, 7.761e-19, 
174.52756, 7.733e-19, 
174.52872, 7.707e-19, 
174.52988, 7.683e-19, 
174.53104, 7.667e-19, 
174.53221, 7.655e-19, 
174.53337, 7.649e-19, 
174.53453, 7.647e-19, 
174.53570, 7.649e-19, 
174.53686, 7.649e-19, 
174.53802, 7.643e-19, 
174.53918, 7.630e-19, 
174.54035, 7.613e-19, 
174.54151, 7.591e-19, 
174.54267, 7.567e-19, 
174.54384, 7.544e-19, 
174.54500, 7.526e-19, 
174.54616, 7.517e-19, 
174.54732, 7.521e-19, 
174.54849, 7.538e-19, 
174.54965, 7.566e-19, 
174.55081, 7.603e-19, 
174.55198, 7.649e-19, 
174.55314, 7.698e-19, 
174.55430, 7.748e-19, 
174.55547, 7.794e-19, 
174.55663, 7.833e-19, 
174.55779, 7.864e-19, 
174.55895, 7.887e-19, 
174.56012, 7.902e-19, 
174.56128, 7.907e-19, 
174.56244, 7.901e-19, 
174.56360, 7.887e-19, 
174.56477, 7.868e-19, 
174.56593, 7.844e-19, 
174.56709, 7.819e-19, 
174.56825, 7.796e-19, 
174.56942, 7.776e-19, 
174.57058, 7.764e-19, 
174.57174, 7.761e-19, 
174.57290, 7.769e-19, 
174.57407, 7.782e-19, 
174.57523, 7.801e-19, 
174.57639, 7.825e-19, 
174.57756, 7.847e-19, 
174.57872, 7.873e-19, 
174.57988, 7.896e-19, 
174.58105, 7.917e-19, 
174.58221, 7.938e-19, 
174.58337, 7.960e-19, 
174.58454, 7.984e-19, 
174.58570, 8.012e-19, 
174.58686, 8.043e-19, 
174.58802, 8.076e-19, 
174.58919, 8.111e-19, 
174.59035, 8.147e-19, 
174.59151, 8.184e-19, 
174.59267, 8.219e-19, 
174.59384, 8.252e-19, 
174.59500, 8.283e-19, 
174.59616, 8.310e-19, 
174.59733, 8.332e-19, 
174.59849, 8.350e-19, 
174.59965, 8.361e-19, 
174.60081, 8.373e-19, 
174.60198, 8.382e-19, 
174.60314, 8.393e-19, 
174.60430, 8.406e-19, 
174.60546, 8.427e-19, 
174.60663, 8.455e-19, 
174.60779, 8.490e-19, 
174.60895, 8.526e-19, 
174.61012, 8.563e-19, 
174.61128, 8.597e-19, 
174.61244, 8.625e-19, 
174.61361, 8.641e-19, 
174.61477, 8.647e-19, 
174.61593, 8.640e-19, 
174.61709, 8.625e-19, 
174.61826, 8.601e-19, 
174.61942, 8.575e-19, 
174.62058, 8.545e-19, 
174.62174, 8.517e-19, 
174.62291, 8.495e-19, 
174.62407, 8.480e-19, 
174.62523, 8.476e-19, 
174.62640, 8.481e-19, 
174.62756, 8.498e-19, 
174.62872, 8.521e-19, 
174.62989, 8.554e-19, 
174.63105, 8.587e-19, 
174.63221, 8.616e-19, 
174.63337, 8.636e-19, 
174.63454, 8.644e-19, 
174.63570, 8.641e-19, 
174.63686, 8.627e-19, 
174.63803, 8.601e-19, 
174.63919, 8.569e-19, 
174.64035, 8.536e-19, 
174.64151, 8.507e-19, 
174.64268, 8.486e-19, 
174.64384, 8.471e-19, 
174.64500, 8.465e-19, 
174.64616, 8.465e-19, 
174.64733, 8.473e-19, 
174.64849, 8.481e-19, 
174.64965, 8.490e-19, 
174.65081, 8.496e-19, 
174.65198, 8.499e-19, 
174.65314, 8.499e-19, 
174.65430, 8.495e-19, 
174.65547, 8.486e-19, 
174.65663, 8.476e-19, 
174.65779, 8.465e-19, 
174.65896, 8.458e-19, 
174.66012, 8.452e-19, 
174.66128, 8.449e-19, 
174.66244, 8.453e-19, 
174.66360, 8.464e-19, 
174.66477, 8.480e-19, 
174.66593, 8.499e-19, 
174.66709, 8.519e-19, 
174.66826, 8.538e-19, 
174.66942, 8.553e-19, 
174.67058, 8.561e-19, 
174.67174, 8.561e-19, 
174.67291, 8.553e-19, 
174.67407, 8.536e-19, 
174.67524, 8.514e-19, 
174.67640, 8.489e-19, 
174.67756, 8.461e-19, 
174.67872, 8.434e-19, 
174.67989, 8.410e-19, 
174.68105, 8.388e-19, 
174.68221, 8.366e-19, 
174.68337, 8.344e-19, 
174.68454, 8.319e-19, 
174.68570, 8.289e-19, 
174.68686, 8.256e-19, 
174.68803, 8.221e-19, 
174.68919, 8.188e-19, 
174.69035, 8.161e-19, 
174.69151, 8.144e-19, 
174.69268, 8.136e-19, 
174.69384, 8.141e-19, 
174.69500, 8.157e-19, 
174.69617, 8.181e-19, 
174.69733, 8.207e-19, 
174.69849, 8.230e-19, 
174.69965, 8.246e-19, 
174.70082, 8.252e-19, 
174.70198, 8.244e-19, 
174.70314, 8.224e-19, 
174.70431, 8.194e-19, 
174.70547, 8.157e-19, 
174.70663, 8.119e-19, 
174.70779, 8.081e-19, 
174.70896, 8.050e-19, 
174.71012, 8.028e-19, 
174.71128, 8.013e-19, 
174.71245, 8.006e-19, 
174.71361, 8.004e-19, 
174.71477, 8.007e-19, 
174.71593, 8.009e-19, 
174.71709, 8.009e-19, 
174.71826, 8.004e-19, 
174.71942, 7.999e-19, 
174.72058, 7.993e-19, 
174.72175, 7.985e-19, 
174.72291, 7.982e-19, 
174.72407, 7.987e-19, 
174.72524, 7.999e-19, 
174.72640, 8.019e-19, 
174.72756, 8.044e-19, 
174.72872, 8.071e-19, 
174.72989, 8.099e-19, 
174.73105, 8.121e-19, 
174.73221, 8.138e-19, 
174.73338, 8.145e-19, 
174.73454, 8.142e-19, 
174.73570, 8.133e-19, 
174.73686, 8.117e-19, 
174.73803, 8.099e-19, 
174.73919, 8.080e-19, 
174.74035, 8.062e-19, 
174.74152, 8.047e-19, 
174.74268, 8.039e-19, 
174.74384, 8.036e-19, 
174.74500, 8.036e-19, 
174.74617, 8.040e-19, 
174.74733, 8.047e-19, 
174.74849, 8.058e-19, 
174.74965, 8.067e-19, 
174.75082, 8.073e-19, 
174.75198, 8.074e-19, 
174.75314, 8.073e-19, 
174.75430, 8.068e-19, 
174.75547, 8.061e-19, 
174.75663, 8.049e-19, 
174.75780, 8.034e-19, 
174.75896, 8.019e-19, 
174.76012, 8.004e-19, 
174.76128, 7.988e-19, 
174.76245, 7.970e-19, 
174.76361, 7.948e-19, 
174.76477, 7.921e-19, 
174.76593, 7.893e-19, 
174.76710, 7.861e-19, 
174.76826, 7.822e-19, 
174.76942, 7.784e-19, 
174.77059, 7.747e-19, 
174.77175, 7.717e-19, 
174.77291, 7.698e-19, 
174.77407, 7.686e-19, 
174.77524, 7.687e-19, 
174.77640, 7.699e-19, 
174.77756, 7.723e-19, 
174.77872, 7.756e-19, 
174.77989, 7.796e-19, 
174.78105, 7.841e-19, 
174.78221, 7.895e-19, 
174.78338, 7.957e-19, 
174.78454, 8.028e-19, 
174.78570, 8.107e-19, 
174.78687, 8.191e-19, 
174.78803, 8.281e-19, 
174.78919, 8.376e-19, 
174.79035, 8.474e-19, 
174.79152, 8.570e-19, 
174.79268, 8.662e-19, 
174.79384, 8.753e-19, 
174.79500, 8.840e-19, 
174.79617, 8.923e-19, 
174.79733, 8.999e-19, 
174.79849, 9.068e-19, 
174.79965, 9.130e-19, 
174.80082, 9.185e-19, 
174.80198, 9.233e-19, 
174.80314, 9.274e-19, 
174.80431, 9.311e-19, 
174.80547, 9.351e-19, 
174.80663, 9.399e-19, 
174.80779, 9.455e-19, 
174.80896, 9.521e-19, 
174.81012, 9.600e-19, 
174.81128, 9.695e-19, 
174.81245, 9.799e-19, 
174.81361, 9.910e-19, 
174.81477, 1.002e-18, 
174.81594, 1.013e-18, 
174.81710, 1.023e-18, 
174.81826, 1.032e-18, 
174.81942, 1.040e-18, 
174.82059, 1.045e-18, 
174.82175, 1.049e-18, 
174.82291, 1.052e-18, 
174.82407, 1.052e-18, 
174.82524, 1.051e-18, 
174.82640, 1.050e-18, 
174.82756, 1.048e-18, 
174.82873, 1.046e-18, 
174.82989, 1.044e-18, 
174.83105, 1.043e-18, 
174.83221, 1.043e-18, 
174.83338, 1.043e-18, 
174.83454, 1.045e-18, 
174.83570, 1.047e-18, 
174.83687, 1.050e-18, 
174.83803, 1.053e-18, 
174.83919, 1.057e-18, 
174.84035, 1.060e-18, 
174.84152, 1.064e-18, 
174.84268, 1.067e-18, 
174.84384, 1.070e-18, 
174.84500, 1.072e-18, 
174.84617, 1.073e-18, 
174.84733, 1.073e-18, 
174.84850, 1.073e-18, 
174.84966, 1.072e-18, 
174.85082, 1.071e-18, 
174.85198, 1.070e-18, 
174.85315, 1.070e-18, 
174.85431, 1.069e-18, 
174.85547, 1.069e-18, 
174.85663, 1.070e-18, 
174.85780, 1.070e-18, 
174.85896, 1.071e-18, 
174.86012, 1.071e-18, 
174.86128, 1.072e-18, 
174.86245, 1.072e-18, 
174.86361, 1.073e-18, 
174.86477, 1.073e-18, 
174.86594, 1.074e-18, 
174.86710, 1.074e-18, 
174.86826, 1.073e-18, 
174.86942, 1.073e-18, 
174.87059, 1.071e-18, 
174.87175, 1.069e-18, 
174.87291, 1.066e-18, 
174.87408, 1.063e-18, 
174.87524, 1.059e-18, 
174.87640, 1.056e-18, 
174.87756, 1.052e-18, 
174.87873, 1.049e-18, 
174.87989, 1.047e-18, 
174.88105, 1.046e-18, 
174.88222, 1.046e-18, 
174.88338, 1.047e-18, 
174.88454, 1.049e-18, 
174.88570, 1.052e-18, 
174.88687, 1.056e-18, 
174.88803, 1.060e-18, 
174.88919, 1.064e-18, 
174.89036, 1.069e-18, 
174.89152, 1.072e-18, 
174.89268, 1.075e-18, 
174.89385, 1.078e-18, 
174.89501, 1.079e-18, 
174.89617, 1.079e-18, 
174.89733, 1.079e-18, 
174.89849, 1.078e-18, 
174.89966, 1.077e-18, 
174.90082, 1.076e-18, 
174.90198, 1.076e-18, 
174.90315, 1.077e-18, 
174.90431, 1.079e-18, 
174.90547, 1.084e-18, 
174.90663, 1.090e-18, 
174.90780, 1.098e-18, 
174.90896, 1.107e-18, 
174.91012, 1.116e-18, 
174.91128, 1.124e-18, 
174.91245, 1.131e-18, 
174.91361, 1.136e-18, 
174.91478, 1.139e-18, 
174.91594, 1.140e-18, 
174.91710, 1.138e-18, 
174.91826, 1.135e-18, 
174.91943, 1.131e-18, 
174.92059, 1.127e-18, 
174.92175, 1.123e-18, 
174.92291, 1.120e-18, 
174.92408, 1.118e-18, 
174.92524, 1.117e-18, 
174.92640, 1.117e-18, 
174.92757, 1.118e-18, 
174.92873, 1.120e-18, 
174.92989, 1.122e-18, 
174.93105, 1.124e-18, 
174.93222, 1.127e-18, 
174.93338, 1.130e-18, 
174.93454, 1.133e-18, 
174.93571, 1.136e-18, 
174.93687, 1.138e-18, 
174.93803, 1.140e-18, 
174.93919, 1.142e-18, 
174.94036, 1.143e-18, 
174.94152, 1.144e-18, 
174.94268, 1.145e-18, 
174.94385, 1.145e-18, 
174.94501, 1.145e-18, 
174.94617, 1.145e-18, 
174.94733, 1.144e-18, 
174.94850, 1.143e-18, 
174.94966, 1.142e-18, 
174.95082, 1.140e-18, 
174.95198, 1.138e-18, 
174.95315, 1.135e-18, 
174.95431, 1.131e-18, 
174.95547, 1.127e-18, 
174.95664, 1.122e-18, 
174.95780, 1.117e-18, 
174.95896, 1.112e-18, 
174.96012, 1.107e-18, 
174.96129, 1.103e-18, 
174.96245, 1.099e-18, 
174.96361, 1.096e-18, 
174.96478, 1.094e-18, 
174.96594, 1.093e-18, 
174.96710, 1.092e-18, 
174.96826, 1.090e-18, 
174.96943, 1.088e-18, 
174.97059, 1.086e-18, 
174.97175, 1.084e-18, 
174.97291, 1.081e-18, 
174.97408, 1.079e-18, 
174.97524, 1.076e-18, 
174.97640, 1.075e-18, 
174.97757, 1.074e-18, 
174.97873, 1.073e-18, 
174.97989, 1.072e-18, 
174.98105, 1.072e-18, 
174.98222, 1.071e-18, 
174.98338, 1.070e-18, 
174.98454, 1.068e-18, 
174.98571, 1.066e-18, 
174.98687, 1.063e-18, 
174.98803, 1.060e-18, 
174.98919, 1.057e-18, 
174.99036, 1.053e-18, 
174.99152, 1.051e-18, 
174.99268, 1.048e-18, 
174.99385, 1.046e-18, 
174.99501, 1.045e-18, 
174.99617, 1.044e-18, 
174.99733, 1.044e-18, 
174.99850, 1.044e-18, 
174.99966, 1.045e-18, 
175.00082, 1.045e-18, 
175.00198, 1.045e-18, 
175.00315, 1.045e-18, 
175.00431, 1.044e-18, 
175.00547, 1.042e-18, 
175.00664, 1.040e-18, 
175.00780, 1.037e-18, 
175.00896, 1.034e-18, 
175.01013, 1.031e-18, 
175.01129, 1.029e-18, 
175.01245, 1.027e-18, 
175.01361, 1.025e-18, 
175.01478, 1.023e-18, 
175.01594, 1.022e-18, 
175.01710, 1.021e-18, 
175.01826, 1.021e-18, 
175.01943, 1.021e-18, 
175.02059, 1.021e-18, 
175.02175, 1.022e-18, 
175.02292, 1.022e-18, 
175.02408, 1.023e-18, 
175.02524, 1.024e-18, 
175.02641, 1.026e-18, 
175.02757, 1.027e-18, 
175.02873, 1.029e-18, 
175.02989, 1.031e-18, 
175.03106, 1.033e-18, 
175.03222, 1.036e-18, 
175.03338, 1.040e-18, 
175.03454, 1.043e-18, 
175.03571, 1.047e-18, 
175.03687, 1.050e-18, 
175.03803, 1.052e-18, 
175.03920, 1.054e-18, 
175.04036, 1.055e-18, 
175.04152, 1.054e-18, 
175.04268, 1.052e-18, 
175.04385, 1.049e-18, 
175.04501, 1.046e-18, 
175.04617, 1.041e-18, 
175.04733, 1.037e-18, 
175.04850, 1.034e-18, 
175.04966, 1.031e-18, 
175.05083, 1.029e-18, 
175.05199, 1.028e-18, 
175.05315, 1.028e-18, 
175.05431, 1.029e-18, 
175.05547, 1.031e-18, 
175.05664, 1.033e-18, 
175.05780, 1.036e-18, 
175.05896, 1.039e-18, 
175.06013, 1.043e-18, 
175.06129, 1.046e-18, 
175.06245, 1.050e-18, 
175.06362, 1.054e-18, 
175.06478, 1.057e-18, 
175.06594, 1.061e-18, 
175.06710, 1.064e-18, 
175.06827, 1.067e-18, 
175.06943, 1.069e-18, 
175.07059, 1.070e-18, 
175.07175, 1.070e-18, 
175.07292, 1.069e-18, 
175.07408, 1.067e-18, 
175.07524, 1.064e-18, 
175.07641, 1.061e-18, 
175.07757, 1.059e-18, 
175.07873, 1.057e-18, 
175.07989, 1.056e-18, 
175.08106, 1.056e-18, 
175.08222, 1.058e-18, 
175.08338, 1.062e-18, 
175.08454, 1.066e-18, 
175.08571, 1.070e-18, 
175.08687, 1.075e-18, 
175.08803, 1.078e-18, 
175.08920, 1.081e-18, 
175.09036, 1.083e-18, 
175.09152, 1.083e-18, 
175.09268, 1.083e-18, 
175.09385, 1.083e-18, 
175.09501, 1.081e-18, 
175.09617, 1.080e-18, 
175.09734, 1.079e-18, 
175.09850, 1.078e-18, 
175.09966, 1.075e-18, 
175.10082, 1.072e-18, 
175.10199, 1.069e-18, 
175.10315, 1.064e-18, 
175.10431, 1.060e-18, 
175.10548, 1.055e-18, 
175.10664, 1.051e-18, 
175.10780, 1.047e-18, 
175.10896, 1.044e-18, 
175.11013, 1.043e-18, 
175.11129, 1.043e-18, 
175.11245, 1.043e-18, 
175.11362, 1.044e-18, 
175.11478, 1.046e-18, 
175.11594, 1.047e-18, 
175.11710, 1.047e-18, 
175.11827, 1.047e-18, 
175.11943, 1.047e-18, 
175.12059, 1.047e-18, 
175.12176, 1.047e-18, 
175.12292, 1.047e-18, 
175.12408, 1.048e-18, 
175.12525, 1.050e-18, 
175.12641, 1.054e-18, 
175.12757, 1.058e-18, 
175.12873, 1.063e-18, 
175.12989, 1.068e-18, 
175.13106, 1.072e-18, 
175.13222, 1.076e-18, 
175.13339, 1.080e-18, 
175.13455, 1.082e-18, 
175.13571, 1.084e-18, 
175.13687, 1.085e-18, 
175.13804, 1.086e-18, 
175.13920, 1.086e-18, 
175.14036, 1.086e-18, 
175.14152, 1.085e-18, 
175.14269, 1.084e-18, 
175.14385, 1.083e-18, 
175.14501, 1.080e-18, 
175.14618, 1.076e-18, 
175.14734, 1.072e-18, 
175.14850, 1.068e-18, 
175.14966, 1.063e-18, 
175.15083, 1.059e-18, 
175.15199, 1.056e-18, 
175.15315, 1.053e-18, 
175.15431, 1.051e-18, 
175.15548, 1.050e-18, 
175.15664, 1.050e-18, 
175.15780, 1.051e-18, 
175.15897, 1.052e-18, 
175.16013, 1.054e-18, 
175.16129, 1.056e-18, 
175.16245, 1.058e-18, 
175.16362, 1.061e-18, 
175.16478, 1.064e-18, 
175.16594, 1.065e-18, 
175.16711, 1.066e-18, 
175.16827, 1.065e-18, 
175.16943, 1.063e-18, 
175.17059, 1.058e-18, 
175.17176, 1.053e-18, 
175.17292, 1.046e-18, 
175.17408, 1.039e-18, 
175.17525, 1.032e-18, 
175.17641, 1.026e-18, 
175.17757, 1.022e-18, 
175.17873, 1.020e-18, 
175.17990, 1.020e-18, 
175.18106, 1.022e-18, 
175.18222, 1.025e-18, 
175.18339, 1.030e-18, 
175.18455, 1.035e-18, 
175.18571, 1.041e-18, 
175.18687, 1.047e-18, 
175.18804, 1.053e-18, 
175.18920, 1.058e-18, 
175.19036, 1.063e-18, 
175.19152, 1.068e-18, 
175.19269, 1.072e-18, 
175.19385, 1.075e-18, 
175.19501, 1.078e-18, 
175.19618, 1.081e-18, 
175.19734, 1.085e-18, 
175.19850, 1.090e-18, 
175.19966, 1.095e-18, 
175.20083, 1.102e-18, 
175.20199, 1.109e-18, 
175.20315, 1.117e-18, 
175.20431, 1.126e-18, 
175.20548, 1.134e-18, 
175.20664, 1.142e-18, 
175.20780, 1.151e-18, 
175.20897, 1.159e-18, 
175.21013, 1.168e-18, 
175.21129, 1.178e-18, 
175.21246, 1.189e-18, 
175.21362, 1.202e-18, 
175.21478, 1.216e-18, 
175.21594, 1.232e-18, 
175.21711, 1.247e-18, 
175.21827, 1.263e-18, 
175.21943, 1.278e-18, 
175.22059, 1.291e-18, 
175.22176, 1.303e-18, 
175.22292, 1.313e-18, 
175.22408, 1.321e-18, 
175.22525, 1.328e-18, 
175.22641, 1.334e-18, 
175.22757, 1.339e-18, 
175.22873, 1.343e-18, 
175.22990, 1.346e-18, 
175.23106, 1.349e-18, 
175.23222, 1.351e-18, 
175.23339, 1.353e-18, 
175.23455, 1.353e-18, 
175.23571, 1.353e-18, 
175.23687, 1.353e-18, 
175.23804, 1.353e-18, 
175.23920, 1.352e-18, 
175.24036, 1.352e-18, 
175.24153, 1.353e-18, 
175.24269, 1.355e-18, 
175.24385, 1.357e-18, 
175.24502, 1.360e-18, 
175.24618, 1.363e-18, 
175.24734, 1.366e-18, 
175.24850, 1.369e-18, 
175.24967, 1.373e-18, 
175.25083, 1.376e-18, 
175.25199, 1.379e-18, 
175.25315, 1.381e-18, 
175.25432, 1.383e-18, 
175.25548, 1.385e-18, 
175.25664, 1.387e-18, 
175.25780, 1.388e-18, 
175.25897, 1.390e-18, 
175.26013, 1.392e-18, 
175.26129, 1.395e-18, 
175.26246, 1.398e-18, 
175.26362, 1.402e-18, 
175.26478, 1.406e-18, 
175.26594, 1.411e-18, 
175.26711, 1.416e-18, 
175.26827, 1.420e-18, 
175.26943, 1.423e-18, 
175.27060, 1.424e-18, 
175.27176, 1.424e-18, 
175.27292, 1.423e-18, 
175.27408, 1.419e-18, 
175.27525, 1.414e-18, 
175.27641, 1.409e-18, 
175.27757, 1.405e-18, 
175.27874, 1.401e-18, 
175.27990, 1.398e-18, 
175.28106, 1.397e-18, 
175.28222, 1.396e-18, 
175.28339, 1.396e-18, 
175.28455, 1.397e-18, 
175.28571, 1.398e-18, 
175.28687, 1.399e-18, 
175.28804, 1.400e-18, 
175.28920, 1.402e-18, 
175.29037, 1.403e-18, 
175.29153, 1.405e-18, 
175.29269, 1.408e-18, 
175.29385, 1.410e-18, 
175.29501, 1.413e-18, 
175.29618, 1.415e-18, 
175.29734, 1.416e-18, 
175.29851, 1.416e-18, 
175.29967, 1.415e-18, 
175.30083, 1.413e-18, 
175.30199, 1.411e-18, 
175.30315, 1.408e-18, 
175.30432, 1.405e-18, 
175.30548, 1.402e-18, 
175.30664, 1.399e-18, 
175.30781, 1.396e-18, 
175.30897, 1.393e-18, 
175.31013, 1.390e-18, 
175.31130, 1.387e-18, 
175.31246, 1.384e-18, 
175.31362, 1.380e-18, 
175.31478, 1.376e-18, 
175.31595, 1.373e-18, 
175.31711, 1.369e-18, 
175.31827, 1.366e-18, 
175.31943, 1.362e-18, 
175.32060, 1.358e-18, 
175.32176, 1.354e-18, 
175.32292, 1.349e-18, 
175.32409, 1.344e-18, 
175.32525, 1.339e-18, 
175.32641, 1.333e-18, 
175.32757, 1.328e-18, 
175.32874, 1.324e-18, 
175.32990, 1.320e-18, 
175.33106, 1.316e-18, 
175.33223, 1.313e-18, 
175.33339, 1.309e-18, 
175.33455, 1.305e-18, 
175.33571, 1.299e-18, 
175.33688, 1.293e-18, 
175.33804, 1.285e-18, 
175.33920, 1.277e-18, 
175.34037, 1.269e-18, 
175.34153, 1.261e-18, 
175.34269, 1.254e-18, 
175.34385, 1.249e-18, 
175.34502, 1.245e-18, 
175.34618, 1.243e-18, 
175.34734, 1.241e-18, 
175.34850, 1.241e-18, 
175.34967, 1.241e-18, 
175.35083, 1.240e-18, 
175.35199, 1.240e-18, 
175.35316, 1.239e-18, 
175.35432, 1.238e-18, 
175.35548, 1.237e-18, 
175.35664, 1.235e-18, 
175.35781, 1.232e-18, 
175.35897, 1.229e-18, 
175.36013, 1.225e-18, 
175.36130, 1.221e-18, 
175.36246, 1.216e-18, 
175.36362, 1.211e-18, 
175.36478, 1.206e-18, 
175.36595, 1.201e-18, 
175.36711, 1.195e-18, 
175.36827, 1.190e-18, 
175.36944, 1.184e-18, 
175.37060, 1.179e-18, 
175.37176, 1.173e-18, 
175.37292, 1.168e-18, 
175.37409, 1.163e-18, 
175.37525, 1.158e-18, 
175.37641, 1.154e-18, 
175.37757, 1.151e-18, 
175.37874, 1.148e-18, 
175.37990, 1.145e-18, 
175.38107, 1.143e-18, 
175.38223, 1.140e-18, 
175.38339, 1.137e-18, 
175.38455, 1.134e-18, 
175.38572, 1.131e-18, 
175.38688, 1.128e-18, 
175.38804, 1.124e-18, 
175.38920, 1.120e-18, 
175.39037, 1.116e-18, 
175.39153, 1.111e-18, 
175.39269, 1.106e-18, 
175.39386, 1.100e-18, 
175.39502, 1.094e-18, 
175.39618, 1.086e-18, 
175.39734, 1.078e-18, 
175.39851, 1.070e-18, 
175.39967, 1.061e-18, 
175.40083, 1.053e-18, 
175.40200, 1.045e-18, 
175.40316, 1.038e-18, 
175.40432, 1.032e-18, 
175.40548, 1.027e-18, 
175.40664, 1.024e-18, 
175.40781, 1.021e-18, 
175.40897, 1.019e-18, 
175.41013, 1.017e-18, 
175.41130, 1.015e-18, 
175.41246, 1.013e-18, 
175.41362, 1.010e-18, 
175.41479, 1.006e-18, 
175.41595, 1.003e-18, 
175.41711, 9.991e-19, 
175.41827, 9.956e-19, 
175.41944, 9.921e-19, 
175.42060, 9.892e-19, 
175.42176, 9.865e-19, 
175.42293, 9.839e-19, 
175.42409, 9.809e-19, 
175.42525, 9.776e-19, 
175.42642, 9.739e-19, 
175.42758, 9.698e-19, 
175.42874, 9.652e-19, 
175.42990, 9.603e-19, 
175.43107, 9.553e-19, 
175.43223, 9.504e-19, 
175.43339, 9.458e-19, 
175.43455, 9.413e-19, 
175.43572, 9.372e-19, 
175.43688, 9.333e-19, 
175.43804, 9.293e-19