181.81836, 2.517e-18, 
181.81953, 2.516e-18, 
181.82070, 2.513e-18, 
181.82187, 2.510e-18, 
181.82303, 2.507e-18, 
181.82420, 2.502e-18, 
181.82537, 2.498e-18, 
181.82654, 2.493e-18, 
181.82771, 2.490e-18, 
181.82887, 2.487e-18, 
181.83004, 2.484e-18, 
181.83121, 2.480e-18, 
181.83237, 2.476e-18, 
181.83315, 2.473e-18, 
181.83393, 2.471e-18, 
181.83510, 2.465e-18, 
181.83627, 2.461e-18, 
181.83744, 2.455e-18, 
181.83861, 2.449e-18, 
181.83978, 2.443e-18, 
181.84095, 2.436e-18, 
181.84213, 2.427e-18, 
181.84330, 2.419e-18, 
181.84447, 2.412e-18, 
181.84564, 2.404e-18, 
181.84681, 2.397e-18, 
181.84799, 2.391e-18, 
181.84916, 2.384e-18, 
181.85033, 2.378e-18, 
181.85150, 2.369e-18, 
181.85267, 2.360e-18, 
181.85384, 2.351e-18, 
181.85501, 2.341e-18, 
181.85618, 2.330e-18, 
181.85735, 2.320e-18, 
181.85853, 2.311e-18, 
181.85970, 2.305e-18, 
181.86087, 2.302e-18, 
181.86204, 2.302e-18, 
181.86321, 2.307e-18, 
181.86438, 2.314e-18, 
181.86555, 2.323e-18, 
181.86672, 2.333e-18, 
181.86789, 2.345e-18, 
181.86907, 2.357e-18, 
181.87023, 2.366e-18, 
181.87140, 2.373e-18, 
181.87257, 2.378e-18, 
181.87375, 2.381e-18, 
181.87492, 2.381e-18, 
181.87609, 2.378e-18, 
181.87726, 2.373e-18, 
181.87843, 2.366e-18, 
181.87960, 2.359e-18, 
181.88077, 2.348e-18, 
181.88194, 2.339e-18, 
181.88311, 2.330e-18, 
181.88428, 2.320e-18, 
181.88545, 2.313e-18, 
181.88662, 2.304e-18, 
181.88779, 2.295e-18, 
181.88896, 2.287e-18, 
181.89013, 2.280e-18, 
181.89130, 2.273e-18, 
181.89247, 2.265e-18, 
181.89364, 2.259e-18, 
181.89481, 2.253e-18, 
181.89598, 2.249e-18, 
181.89715, 2.244e-18, 
181.89832, 2.241e-18, 
181.89949, 2.240e-18, 
181.90066, 2.237e-18, 
181.90183, 2.236e-18, 
181.90299, 2.234e-18, 
181.90417, 2.231e-18, 
181.90533, 2.225e-18, 
181.90651, 2.219e-18, 
181.90767, 2.210e-18, 
181.90884, 2.200e-18, 
181.91001, 2.187e-18, 
181.91118, 2.170e-18, 
181.91235, 2.154e-18, 
181.91352, 2.136e-18, 
181.91469, 2.119e-18, 
181.91586, 2.104e-18, 
181.91703, 2.087e-18, 
181.91820, 2.074e-18, 
181.91937, 2.062e-18, 
181.92053, 2.050e-18, 
181.92171, 2.040e-18, 
181.92287, 2.030e-18, 
181.92404, 2.022e-18, 
181.92521, 2.013e-18, 
181.92638, 2.007e-18, 
181.92755, 2.004e-18, 
181.92872, 2.003e-18, 
181.92988, 2.003e-18, 
181.93105, 2.006e-18, 
181.93222, 2.010e-18, 
181.93339, 2.015e-18, 
181.93456, 2.018e-18, 
181.93573, 2.019e-18, 
181.93690, 2.019e-18, 
181.93807, 2.016e-18, 
181.93923, 2.010e-18, 
181.94040, 2.003e-18, 
181.94157, 1.994e-18, 
181.94274, 1.982e-18, 
181.94391, 1.972e-18, 
181.94507, 1.960e-18, 
181.94624, 1.950e-18, 
181.94741, 1.939e-18, 
181.94858, 1.927e-18, 
181.94974, 1.919e-18, 
181.95091, 1.905e-18, 
181.95208, 1.893e-18, 
181.95325, 1.880e-18, 
181.95442, 1.867e-18, 
181.95558, 1.855e-18, 
181.95675, 1.844e-18, 
181.95792, 1.836e-18, 
181.95909, 1.828e-18, 
181.96026, 1.822e-18, 
181.96142, 1.816e-18, 
181.96259, 1.810e-18, 
181.96376, 1.806e-18, 
181.96492, 1.801e-18, 
181.96609, 1.796e-18, 
181.96726, 1.791e-18, 
181.96843, 1.785e-18, 
181.96960, 1.781e-18, 
181.97076, 1.776e-18, 
181.97193, 1.770e-18, 
181.97310, 1.767e-18, 
181.97426, 1.764e-18, 
181.97543, 1.760e-18, 
181.97660, 1.756e-18, 
181.97777, 1.750e-18, 
181.97893, 1.742e-18, 
181.98010, 1.735e-18, 
181.98127, 1.724e-18, 
181.98243, 1.713e-18, 
181.98360, 1.702e-18, 
181.98477, 1.690e-18, 
181.98593, 1.681e-18, 
181.98710, 1.676e-18, 
181.98827, 1.673e-18, 
181.98943, 1.673e-18, 
181.99060, 1.674e-18, 
181.99177, 1.679e-18, 
181.99293, 1.684e-18, 
181.99410, 1.689e-18, 
181.99526, 1.695e-18, 
181.99643, 1.701e-18, 
181.99760, 1.705e-18, 
181.99877, 1.710e-18, 
181.99993, 1.713e-18, 
182.00110, 1.714e-18, 
182.00227, 1.716e-18, 
182.00343, 1.716e-18, 
182.00460, 1.713e-18, 
182.00576, 1.710e-18, 
182.00693, 1.707e-18, 
182.00810, 1.702e-18, 
182.00926, 1.698e-18, 
182.01042, 1.695e-18, 
182.01159, 1.693e-18, 
182.01276, 1.693e-18, 
182.01392, 1.695e-18, 
182.01509, 1.696e-18, 
182.01626, 1.699e-18, 
182.01742, 1.702e-18, 
182.01859, 1.702e-18, 
182.01975, 1.702e-18, 
182.02092, 1.701e-18, 
182.02208, 1.696e-18, 
182.02325, 1.695e-18, 
182.02442, 1.692e-18, 
182.02558, 1.690e-18, 
182.02674, 1.692e-18, 
182.02791, 1.692e-18, 
182.02908, 1.695e-18, 
182.03024, 1.699e-18, 
182.03141, 1.702e-18, 
182.03257, 1.705e-18, 
182.03374, 1.705e-18, 
182.03490, 1.705e-18, 
182.03607, 1.704e-18, 
182.03723, 1.701e-18, 
182.03840, 1.698e-18, 
182.03956, 1.695e-18, 
182.04072, 1.690e-18, 
182.04189, 1.686e-18, 
182.04306, 1.683e-18, 
182.04422, 1.679e-18, 
182.04539, 1.674e-18, 
182.04655, 1.670e-18, 
182.04772, 1.664e-18, 
182.04889, 1.659e-18, 
182.05005, 1.655e-18, 
182.05122, 1.650e-18, 
182.05239, 1.647e-18, 
182.05355, 1.647e-18, 
182.05472, 1.649e-18, 
182.05588, 1.652e-18, 
182.05705, 1.658e-18, 
182.05822, 1.665e-18, 
182.05938, 1.674e-18, 
182.06055, 1.684e-18, 
182.06171, 1.695e-18, 
182.06288, 1.708e-18, 
182.06405, 1.721e-18, 
182.06521, 1.735e-18, 
182.06638, 1.751e-18, 
182.06754, 1.767e-18, 
182.06871, 1.787e-18, 
182.06988, 1.806e-18, 
182.07105, 1.825e-18, 
182.07221, 1.844e-18, 
182.07338, 1.864e-18, 
182.07454, 1.883e-18, 
182.07571, 1.901e-18, 
182.07688, 1.917e-18, 
182.07804, 1.935e-18, 
182.07921, 1.954e-18, 
182.08037, 1.973e-18, 
182.08154, 1.993e-18, 
182.08270, 2.010e-18, 
182.08387, 2.030e-18, 
182.08504, 2.044e-18, 
182.08621, 2.056e-18, 
182.08737, 2.062e-18, 
182.08854, 2.064e-18, 
182.08970, 2.062e-18, 
182.09087, 2.056e-18, 
182.09203, 2.049e-18, 
182.09320, 2.041e-18, 
182.09437, 2.034e-18, 
182.09553, 2.031e-18, 
182.09670, 2.033e-18, 
182.09787, 2.037e-18, 
182.09903, 2.044e-18, 
182.10020, 2.058e-18, 
182.10137, 2.073e-18, 
182.10253, 2.090e-18, 
182.10370, 2.110e-18, 
182.10486, 2.130e-18, 
182.10603, 2.154e-18, 
182.10720, 2.179e-18, 
182.10836, 2.206e-18, 
182.10953, 2.234e-18, 
182.11069, 2.262e-18, 
182.11186, 2.292e-18, 
182.11303, 2.321e-18, 
182.11419, 2.350e-18, 
182.11536, 2.379e-18, 
182.11653, 2.409e-18, 
182.11769, 2.437e-18, 
182.11886, 2.467e-18, 
182.12002, 2.496e-18, 
182.12119, 2.527e-18, 
182.12236, 2.559e-18, 
182.12352, 2.591e-18, 
182.12469, 2.624e-18, 
182.12586, 2.658e-18, 
182.12702, 2.695e-18, 
182.12819, 2.735e-18, 
182.12935, 2.779e-18, 
182.13052, 2.830e-18, 
182.13168, 2.884e-18, 
182.13285, 2.942e-18, 
182.13402, 3.004e-18, 
182.13518, 3.067e-18, 
182.13635, 3.127e-18, 
182.13752, 3.185e-18, 
182.13868, 3.239e-18, 
182.13985, 3.286e-18, 
182.14102, 3.332e-18, 
182.14218, 3.375e-18, 
182.14335, 3.415e-18, 
182.14451, 3.456e-18, 
182.14568, 3.496e-18, 
182.14684, 3.538e-18, 
182.14801, 3.581e-18, 
182.14918, 3.621e-18, 
182.15034, 3.661e-18, 
182.15151, 3.698e-18, 
182.15268, 3.733e-18, 
182.15384, 3.766e-18, 
182.15501, 3.797e-18, 
182.15617, 3.828e-18, 
182.15734, 3.859e-18, 
182.15851, 3.890e-18, 
182.15967, 3.921e-18, 
182.16084, 3.954e-18, 
182.16200, 3.987e-18, 
182.16317, 4.018e-18, 
182.16434, 4.049e-18, 
182.16550, 4.077e-18, 
182.16667, 4.104e-18, 
182.16783, 4.129e-18, 
182.16900, 4.153e-18, 
182.17017, 4.173e-18, 
182.17133, 4.194e-18, 
182.17250, 4.212e-18, 
182.17367, 4.231e-18, 
182.17483, 4.249e-18, 
182.17600, 4.268e-18, 
182.17716, 4.290e-18, 
182.17833, 4.311e-18, 
182.17950, 4.336e-18, 
182.18066, 4.361e-18, 
182.18183, 4.390e-18, 
182.18299, 4.419e-18, 
182.18416, 4.449e-18, 
182.18533, 4.480e-18, 
182.18649, 4.511e-18, 
182.18766, 4.541e-18, 
182.18883, 4.567e-18, 
182.18999, 4.591e-18, 
182.19116, 4.609e-18, 
182.19233, 4.624e-18, 
182.19349, 4.631e-18, 
182.19466, 4.636e-18, 
182.19582, 4.637e-18, 
182.19699, 4.637e-18, 
182.19815, 4.639e-18, 
182.19932, 4.641e-18, 
182.20049, 4.649e-18, 
182.20165, 4.662e-18, 
182.20282, 4.679e-18, 
182.20399, 4.696e-18, 
182.20515, 4.716e-18, 
182.20632, 4.733e-18, 
182.20749, 4.745e-18, 
182.20865, 4.751e-18, 
182.20982, 4.750e-18, 
182.21098, 4.739e-18, 
182.21215, 4.720e-18, 
182.21332, 4.696e-18, 
182.21448, 4.667e-18, 
182.21565, 4.633e-18, 
182.21681, 4.600e-18, 
182.21798, 4.569e-18, 
182.21915, 4.542e-18, 
182.22031, 4.520e-18, 
182.22148, 4.504e-18, 
182.22264, 4.493e-18, 
182.22381, 4.489e-18, 
182.22498, 4.487e-18, 
182.22614, 4.484e-18, 
182.22731, 4.480e-18, 
182.22847, 4.471e-18, 
182.22964, 4.458e-18, 
182.23081, 4.439e-18, 
182.23197, 4.415e-18, 
182.23314, 4.387e-18, 
182.23431, 4.359e-18, 
182.23547, 4.332e-18, 
182.23664, 4.310e-18, 
182.23781, 4.293e-18, 
182.23897, 4.284e-18, 
182.24014, 4.281e-18, 
182.24130, 4.287e-18, 
182.24247, 4.298e-18, 
182.24363, 4.314e-18, 
182.24480, 4.330e-18, 
182.24597, 4.345e-18, 
182.24714, 4.360e-18, 
182.24830, 4.370e-18, 
182.24947, 4.378e-18, 
182.25063, 4.379e-18, 
182.25180, 4.376e-18, 
182.25296, 4.370e-18, 
182.25413, 4.360e-18, 
182.25530, 4.348e-18, 
182.25646, 4.333e-18, 
182.25763, 4.319e-18, 
182.25879, 4.301e-18, 
182.25996, 4.283e-18, 
182.26113, 4.265e-18, 
182.26230, 4.247e-18, 
182.26346, 4.231e-18, 
182.26463, 4.216e-18, 
182.26579, 4.203e-18, 
182.26696, 4.193e-18, 
182.26813, 4.184e-18, 
182.26929, 4.178e-18, 
182.27046, 4.175e-18, 
182.27162, 4.173e-18, 
182.27279, 4.172e-18, 
182.27396, 4.172e-18, 
182.27512, 4.172e-18, 
182.27629, 4.169e-18, 
182.27745, 4.163e-18, 
182.27862, 4.154e-18, 
182.27979, 4.142e-18, 
182.28095, 4.127e-18, 
182.28212, 4.111e-18, 
182.28329, 4.093e-18, 
182.28445, 4.080e-18, 
182.28562, 4.070e-18, 
182.28678, 4.064e-18, 
182.28795, 4.064e-18, 
182.28911, 4.071e-18, 
182.29028, 4.081e-18, 
182.29145, 4.096e-18, 
182.29261, 4.111e-18, 
182.29378, 4.126e-18, 
182.29495, 4.141e-18, 
182.29611, 4.154e-18, 
182.29728, 4.164e-18, 
182.29845, 4.172e-18, 
182.29961, 4.178e-18, 
182.30078, 4.182e-18, 
182.30194, 4.184e-18, 
182.30311, 4.184e-18, 
182.30427, 4.182e-18, 
182.30544, 4.179e-18, 
182.30661, 4.176e-18, 
182.30777, 4.173e-18, 
182.30894, 4.169e-18, 
182.31011, 4.163e-18, 
182.31127, 4.157e-18, 
182.31244, 4.151e-18, 
182.31360, 4.142e-18, 
182.31477, 4.132e-18, 
182.31594, 4.120e-18, 
182.31710, 4.107e-18, 
182.31827, 4.095e-18, 
182.31943, 4.083e-18, 
182.32060, 4.071e-18, 
182.32177, 4.062e-18, 
182.32293, 4.056e-18, 
182.32410, 4.053e-18, 
182.32526, 4.053e-18, 
182.32643, 4.055e-18, 
182.32760, 4.058e-18, 
182.32877, 4.062e-18, 
182.32993, 4.068e-18, 
182.33110, 4.073e-18, 
182.33226, 4.077e-18, 
182.33343, 4.081e-18, 
182.33460, 4.084e-18, 
182.33576, 4.089e-18, 
182.33693, 4.093e-18, 
182.33809, 4.098e-18, 
182.33926, 4.104e-18, 
182.34042, 4.110e-18, 
182.34159, 4.116e-18, 
182.34276, 4.119e-18, 
182.34393, 4.119e-18, 
182.34509, 4.117e-18, 
182.34626, 4.110e-18, 
182.34742, 4.098e-18, 
182.34859, 4.081e-18, 
182.34975, 4.061e-18, 
182.35092, 4.036e-18, 
182.35209, 4.010e-18, 
182.35325, 3.982e-18, 
182.35442, 3.956e-18, 
182.35559, 3.932e-18, 
182.35675, 3.911e-18, 
182.35792, 3.896e-18, 
182.35909, 3.886e-18, 
182.36025, 3.880e-18, 
182.36142, 3.880e-18, 
182.36258, 3.883e-18, 
182.36375, 3.886e-18, 
182.36492, 3.889e-18, 
182.36608, 3.890e-18, 
182.36725, 3.889e-18, 
182.36841, 3.883e-18, 
182.36958, 3.873e-18, 
182.37075, 3.856e-18, 
182.37191, 3.836e-18, 
182.37308, 3.812e-18, 
182.37424, 3.785e-18, 
182.37541, 3.759e-18, 
182.37658, 3.732e-18, 
182.37774, 3.710e-18, 
182.37891, 3.693e-18, 
182.38007, 3.684e-18, 
182.38124, 3.684e-18, 
182.38241, 3.693e-18, 
182.38357, 3.708e-18, 
182.38474, 3.729e-18, 
182.38591, 3.751e-18, 
182.38707, 3.773e-18, 
182.38824, 3.793e-18, 
182.38941, 3.803e-18, 
182.39057, 3.806e-18, 
182.39174, 3.799e-18, 
182.39290, 3.782e-18, 
182.39407, 3.757e-18, 
182.39523, 3.726e-18, 
182.39640, 3.690e-18, 
182.39757, 3.655e-18, 
182.39873, 3.619e-18, 
182.39990, 3.588e-18, 
182.40107, 3.563e-18, 
182.40223, 3.544e-18, 
182.40340, 3.530e-18, 
182.40457, 3.524e-18, 
182.40573, 3.523e-18, 
182.40690, 3.524e-18, 
182.40806, 3.527e-18, 
182.40923, 3.530e-18, 
182.41040, 3.530e-18, 
182.41156, 3.529e-18, 
182.41273, 3.523e-18, 
182.41389, 3.511e-18, 
182.41506, 3.498e-18, 
182.41623, 3.481e-18, 
182.41739, 3.462e-18, 
182.41856, 3.444e-18, 
182.41973, 3.428e-18, 
182.42089, 3.415e-18, 
182.42206, 3.406e-18, 
182.42322, 3.400e-18, 
182.42439, 3.399e-18, 
182.42556, 3.399e-18, 
182.42672, 3.400e-18, 
182.42789, 3.400e-18, 
182.42905, 3.401e-18, 
182.43022, 3.401e-18, 
182.43139, 3.400e-18, 
182.43255, 3.399e-18, 
182.43372, 3.397e-18, 
182.43488, 3.397e-18, 
182.43605, 3.399e-18, 
182.43722, 3.403e-18, 
182.43838, 3.409e-18, 
182.43955, 3.416e-18, 
182.44072, 3.427e-18, 
182.44188, 3.436e-18, 
182.44305, 3.443e-18, 
182.44421, 3.446e-18, 
182.44538, 3.444e-18, 
182.44655, 3.439e-18, 
182.44771, 3.427e-18, 
182.44888, 3.409e-18, 
182.45005, 3.388e-18, 
182.45121, 3.363e-18, 
182.45238, 3.339e-18, 
182.45354, 3.314e-18, 
182.45471, 3.290e-18, 
182.45588, 3.268e-18, 
182.45704, 3.247e-18, 
182.45821, 3.230e-18, 
182.45937, 3.212e-18, 
182.46054, 3.194e-18, 
182.46171, 3.176e-18, 
182.46287, 3.159e-18, 
182.46404, 3.141e-18, 
182.46520, 3.121e-18, 
182.46637, 3.101e-18, 
182.46754, 3.081e-18, 
182.46870, 3.062e-18, 
182.46987, 3.043e-18, 
182.47104, 3.027e-18, 
182.47220, 3.010e-18, 
182.47337, 2.996e-18, 
182.47453, 2.982e-18, 
182.47570, 2.970e-18, 
182.47687, 2.957e-18, 
182.47803, 2.944e-18, 
182.47920, 2.930e-18, 
182.48036, 2.917e-18, 
182.48153, 2.904e-18, 
182.48270, 2.892e-18, 
182.48386, 2.880e-18, 
182.48503, 2.870e-18, 
182.48619, 2.862e-18, 
182.48736, 2.858e-18, 
182.48853, 2.853e-18, 
182.48969, 2.849e-18, 
182.49086, 2.844e-18, 
182.49203, 2.840e-18, 
182.49319, 2.836e-18, 
182.49436, 2.830e-18, 
182.49553, 2.824e-18, 
182.49669, 2.818e-18, 
182.49786, 2.812e-18, 
182.49902, 2.806e-18, 
182.50019, 2.800e-18, 
182.50135, 2.790e-18, 
182.50252, 2.779e-18, 
182.50369, 2.767e-18, 
182.50485, 2.753e-18, 
182.50602, 2.736e-18, 
182.50719, 2.719e-18, 
182.50835, 2.704e-18, 
182.50952, 2.690e-18, 
182.51068, 2.680e-18, 
182.51185, 2.671e-18, 
182.51302, 2.667e-18, 
182.51418, 2.664e-18, 
182.51535, 2.664e-18, 
182.51652, 2.662e-18, 
182.51768, 2.661e-18, 
182.51885, 2.659e-18, 
182.52001, 2.656e-18, 
182.52118, 2.652e-18, 
182.52235, 2.646e-18, 
182.52351, 2.639e-18, 
182.52468, 2.633e-18, 
182.52584, 2.625e-18, 
182.52701, 2.618e-18, 
182.52818, 2.610e-18, 
182.52934, 2.603e-18, 
182.53051, 2.597e-18, 
182.53167, 2.593e-18, 
182.53284, 2.588e-18, 
182.53401, 2.585e-18, 
182.53517, 2.582e-18, 
182.53634, 2.582e-18, 
182.53751, 2.581e-18, 
182.53867, 2.579e-18, 
182.53984, 2.576e-18, 
182.54100, 2.573e-18, 
182.54217, 2.569e-18, 
182.54334, 2.561e-18, 
182.54450, 2.553e-18, 
182.54567, 2.544e-18, 
182.54684, 2.535e-18, 
182.54800, 2.527e-18, 
182.54917, 2.520e-18, 
182.55033, 2.513e-18, 
182.55150, 2.508e-18, 
182.55267, 2.504e-18, 
182.55383, 2.502e-18, 
182.55500, 2.501e-18, 
182.55616, 2.502e-18, 
182.55733, 2.504e-18, 
182.55850, 2.505e-18, 
182.55966, 2.508e-18, 
182.56083, 2.513e-18, 
182.56200, 2.517e-18, 
182.56316, 2.521e-18, 
182.56433, 2.526e-18, 
182.56550, 2.529e-18, 
182.56666, 2.532e-18, 
182.56783, 2.533e-18, 
182.56899, 2.533e-18, 
182.57016, 2.529e-18, 
182.57133, 2.523e-18, 
182.57249, 2.514e-18, 
182.57366, 2.504e-18, 
182.57482, 2.490e-18, 
182.57599, 2.477e-18, 
182.57716, 2.465e-18, 
182.57832, 2.455e-18, 
182.57949, 2.449e-18, 
182.58066, 2.446e-18, 
182.58182, 2.446e-18, 
182.58299, 2.450e-18, 
182.58415, 2.459e-18, 
182.58532, 2.470e-18, 
182.58649, 2.480e-18, 
182.58765, 2.490e-18, 
182.58882, 2.499e-18, 
182.58998, 2.507e-18, 
182.59115, 2.511e-18, 
182.59232, 2.514e-18, 
182.59348, 2.513e-18, 
182.59465, 2.511e-18, 
182.59581, 2.507e-18, 
182.59698, 2.501e-18, 
182.59814, 2.495e-18, 
182.59931, 2.487e-18, 
182.60048, 2.480e-18, 
182.60165, 2.473e-18, 
182.60281, 2.468e-18, 
182.60398, 2.464e-18, 
182.60514, 2.461e-18, 
182.60631, 2.456e-18, 
182.60747, 2.453e-18, 
182.60864, 2.450e-18, 
182.60981, 2.446e-18, 
182.61098, 2.441e-18, 
182.61214, 2.436e-18, 
182.61331, 2.431e-18, 
182.61447, 2.427e-18, 
182.61564, 2.425e-18, 
182.61680, 2.425e-18, 
182.61797, 2.427e-18, 
182.61914, 2.430e-18, 
182.62030, 2.434e-18, 
182.62147, 2.437e-18, 
182.62263, 2.441e-18, 
182.62380, 2.443e-18, 
182.62497, 2.446e-18, 
182.62613, 2.447e-18, 
182.62730, 2.449e-18, 
182.62847, 2.450e-18, 
182.62963, 2.452e-18, 
182.63080, 2.453e-18, 
182.63196, 2.453e-18, 
182.63313, 2.450e-18, 
182.63430, 2.447e-18, 
182.63546, 2.444e-18, 
182.63663, 2.439e-18, 
182.63780, 2.433e-18, 
182.63896, 2.428e-18, 
182.64013, 2.425e-18, 
182.64129, 2.424e-18, 
182.64246, 2.424e-18, 
182.64363, 2.425e-18, 
182.64479, 2.428e-18, 
182.64596, 2.431e-18, 
182.64712, 2.434e-18, 
182.64829, 2.436e-18, 
182.64946, 2.436e-18, 
182.65062, 2.431e-18, 
182.65179, 2.425e-18, 
182.65296, 2.416e-18, 
182.65412, 2.404e-18, 
182.65529, 2.391e-18, 
182.65646, 2.376e-18, 
182.65762, 2.363e-18, 
182.65879, 2.351e-18, 
182.65995, 2.342e-18, 
182.66112, 2.338e-18, 
182.66228, 2.336e-18, 
182.66345, 2.339e-18, 
182.66462, 2.345e-18, 
182.66578, 2.353e-18, 
182.66695, 2.361e-18, 
182.66812, 2.370e-18, 
182.66928, 2.378e-18, 
182.67045, 2.384e-18, 
182.67161, 2.388e-18, 
182.67278, 2.388e-18, 
182.67395, 2.387e-18, 
182.67511, 2.384e-18, 
182.67628, 2.381e-18, 
182.67744, 2.376e-18, 
182.67861, 2.372e-18, 
182.67978, 2.369e-18, 
182.68094, 2.369e-18, 
182.68211, 2.372e-18, 
182.68328, 2.379e-18, 
182.68444, 2.391e-18, 
182.68561, 2.409e-18, 
182.68677, 2.431e-18, 
182.68794, 2.461e-18, 
182.68911, 2.492e-18, 
182.69027, 2.529e-18, 
182.69144, 2.567e-18, 
182.69261, 2.606e-18, 
182.69377, 2.644e-18, 
182.69494, 2.681e-18, 
182.69610, 2.714e-18, 
182.69727, 2.745e-18, 
182.69844, 2.773e-18, 
182.69960, 2.800e-18, 
182.70077, 2.825e-18, 
182.70193, 2.852e-18, 
182.70310, 2.881e-18, 
182.70427, 2.916e-18, 
182.70543, 2.953e-18, 
182.70660, 2.993e-18, 
182.70777, 3.037e-18, 
182.70893, 3.083e-18, 
182.71010, 3.129e-18, 
182.71126, 3.175e-18, 
182.71243, 3.219e-18, 
182.71359, 3.262e-18, 
182.71476, 3.302e-18, 
182.71593, 3.344e-18, 
182.71709, 3.384e-18, 
182.71826, 3.422e-18, 
182.71943, 3.461e-18, 
182.72059, 3.498e-18, 
182.72176, 3.535e-18, 
182.72293, 3.567e-18, 
182.72409, 3.599e-18, 
182.72526, 3.625e-18, 
182.72642, 3.650e-18, 
182.72759, 3.673e-18, 
182.72876, 3.692e-18, 
182.72992, 3.710e-18, 
182.73109, 3.723e-18, 
182.73226, 3.735e-18, 
182.73342, 3.744e-18, 
182.73459, 3.748e-18, 
182.73575, 3.748e-18, 
182.73692, 3.744e-18, 
182.73809, 3.738e-18, 
182.73925, 3.730e-18, 
182.74042, 3.723e-18, 
182.74159, 3.720e-18, 
182.74275, 3.720e-18, 
182.74392, 3.727e-18, 
182.74508, 3.738e-18, 
182.74625, 3.753e-18, 
182.74741, 3.770e-18, 
182.74858, 3.788e-18, 
182.74975, 3.804e-18, 
182.75091, 3.819e-18, 
182.75208, 3.830e-18, 
182.75324, 3.837e-18, 
182.75441, 3.843e-18, 
182.75558, 3.847e-18, 
182.75674, 3.849e-18, 
182.75791, 3.849e-18, 
182.75908, 3.849e-18, 
182.76024, 3.849e-18, 
182.76141, 3.847e-18, 
182.76257, 3.844e-18, 
182.76374, 3.840e-18, 
182.76491, 3.836e-18, 
182.76607, 3.830e-18, 
182.76724, 3.822e-18, 
182.76840, 3.815e-18, 
182.76957, 3.807e-18, 
182.77074, 3.797e-18, 
182.77190, 3.788e-18, 
182.77307, 3.779e-18, 
182.77424, 3.770e-18, 
182.77540, 3.764e-18, 
182.77657, 3.759e-18, 
182.77774, 3.756e-18, 
182.77890, 3.756e-18, 
182.78007, 3.759e-18, 
182.78123, 3.764e-18, 
182.78240, 3.770e-18, 
182.78356, 3.776e-18, 
182.78473, 3.782e-18, 
182.78590, 3.787e-18, 
182.78706, 3.788e-18, 
182.78823, 3.787e-18, 
182.78940, 3.781e-18, 
182.79056, 3.770e-18, 
182.79173, 3.757e-18, 
182.79289, 3.741e-18, 
182.79406, 3.721e-18, 
182.79523, 3.702e-18, 
182.79639, 3.683e-18, 
182.79756, 3.665e-18, 
182.79872, 3.649e-18, 
182.79989, 3.634e-18, 
182.80106, 3.621e-18, 
182.80222, 3.609e-18, 
182.80339, 3.597e-18, 
182.80456, 3.588e-18, 
182.80572, 3.581e-18, 
182.80689, 3.575e-18, 
182.80805, 3.572e-18, 
182.80922, 3.573e-18, 
182.81039, 3.576e-18, 
182.81155, 3.584e-18, 
182.81272, 3.591e-18, 
182.81389, 3.599e-18, 
182.81505, 3.606e-18, 
182.81622, 3.610e-18, 
182.81738, 3.610e-18, 
182.81855, 3.609e-18, 
182.81971, 3.603e-18, 
182.82088, 3.597e-18, 
182.82205, 3.588e-18, 
182.82321, 3.579e-18, 
182.82438, 3.572e-18, 
182.82555, 3.564e-18, 
182.82671, 3.557e-18, 
182.82788, 3.551e-18, 
182.82904, 3.545e-18, 
182.83021, 3.541e-18, 
182.83138, 3.533e-18, 
182.83254, 3.527e-18, 
182.83371, 3.520e-18, 
182.83488, 3.511e-18, 
182.83604, 3.502e-18, 
182.83721, 3.490e-18, 
182.83837, 3.477e-18, 
182.83954, 3.462e-18, 
182.84071, 3.447e-18, 
182.84187, 3.433e-18, 
182.84304, 3.419e-18, 
182.84420, 3.410e-18, 
182.84537, 3.406e-18, 
182.84654, 3.407e-18, 
182.84770, 3.413e-18, 
182.84887, 3.424e-18, 
182.85003, 3.433e-18, 
182.85120, 3.443e-18, 
182.85237, 3.447e-18, 
182.85354, 3.447e-18, 
182.85470, 3.440e-18, 
182.85587, 3.427e-18, 
182.85703, 3.410e-18, 
182.85820, 3.393e-18, 
182.85937, 3.375e-18, 
182.86053, 3.360e-18, 
182.86170, 3.350e-18, 
182.86286, 3.345e-18, 
182.86403, 3.345e-18, 
182.86519, 3.350e-18, 
182.86636, 3.354e-18, 
182.86753, 3.359e-18, 
182.86869, 3.360e-18, 
182.86986, 3.357e-18, 
182.87103, 3.350e-18, 
182.87219, 3.335e-18, 
182.87336, 3.314e-18, 
182.87452, 3.289e-18, 
182.87569, 3.259e-18, 
182.87686, 3.230e-18, 
182.87802, 3.199e-18, 
182.87919, 3.169e-18, 
182.88035, 3.142e-18, 
182.88152, 3.121e-18, 
182.88269, 3.107e-18, 
182.88385, 3.095e-18, 
182.88502, 3.087e-18, 
182.88619, 3.083e-18, 
182.88735, 3.081e-18, 
182.88852, 3.077e-18, 
182.88969, 3.073e-18, 
182.89085, 3.067e-18, 
182.89202, 3.058e-18, 
182.89318, 3.049e-18, 
182.89435, 3.037e-18, 
182.89552, 3.027e-18, 
182.89668, 3.016e-18, 
182.89785, 3.007e-18, 
182.89902, 3.001e-18, 
182.90018, 2.996e-18, 
182.90135, 2.991e-18, 
182.90251, 2.988e-18, 
182.90368, 2.985e-18, 
182.90485, 2.982e-18, 
182.90601, 2.978e-18, 
182.90718, 2.973e-18, 
182.90834, 2.969e-18, 
182.90951, 2.961e-18, 
182.91068, 2.954e-18, 
182.91184, 2.947e-18, 
182.91301, 2.938e-18, 
182.91417, 2.929e-18, 
182.91534, 2.921e-18, 
182.91651, 2.914e-18, 
182.91767, 2.907e-18, 
182.91884, 2.899e-18, 
182.92001, 2.890e-18, 
182.92117, 2.880e-18, 
182.92234, 2.870e-18, 
182.92350, 2.853e-18, 
182.92467, 2.836e-18, 
182.92583, 2.815e-18, 
182.92700, 2.791e-18, 
182.92817, 2.764e-18, 
182.92933, 2.736e-18, 
182.93050, 2.707e-18, 
182.93167, 2.679e-18, 
182.93283, 2.653e-18, 
182.93400, 2.631e-18, 
182.93516, 2.613e-18, 
182.93633, 2.601e-18, 
182.93750, 2.593e-18, 
182.93866, 2.590e-18, 
182.93983, 2.590e-18, 
182.94100, 2.591e-18, 
182.94216, 2.594e-18, 
182.94333, 2.597e-18, 
182.94449, 2.600e-18, 
182.94566, 2.601e-18, 
182.94683, 2.603e-18, 
182.94799, 2.603e-18, 
182.94916, 2.603e-18, 
182.95032, 2.604e-18, 
182.95149, 2.604e-18, 
182.95266, 2.604e-18, 
182.95382, 2.604e-18, 
182.95499, 2.603e-18, 
182.95616, 2.600e-18, 
182.95732, 2.599e-18, 
182.95849, 2.594e-18, 
182.95965, 2.590e-18, 
182.96082, 2.585e-18, 
182.96199, 2.581e-18, 
182.96315, 2.575e-18, 
182.96432, 2.567e-18, 
182.96549, 2.560e-18, 
182.96665, 2.551e-18, 
182.96782, 2.541e-18, 
182.96898, 2.529e-18, 
182.97015, 2.517e-18, 
182.97132, 2.507e-18, 
182.97248, 2.496e-18, 
182.97365, 2.487e-18, 
182.97482, 2.479e-18, 
182.97598, 2.471e-18, 
182.97715, 2.465e-18, 
182.97831, 2.459e-18, 
182.97948, 2.455e-18, 
182.98064, 2.450e-18, 
182.98181, 2.449e-18, 
182.98298, 2.449e-18, 
182.98414, 2.450e-18, 
182.98531, 2.453e-18, 
182.98648, 2.461e-18, 
182.98764, 2.468e-18, 
182.98881, 2.474e-18, 
182.98997, 2.480e-18, 
182.99114, 2.483e-18, 
182.99231, 2.483e-18, 
182.99347, 2.479e-18, 
182.99464, 2.468e-18, 
182.99581, 2.455e-18, 
182.99697, 2.437e-18, 
182.99814, 2.418e-18, 
182.99930, 2.397e-18, 
183.00047, 2.378e-18, 
183.00164, 2.359e-18, 
183.00280, 2.341e-18, 
183.00397, 2.324e-18, 
183.00513, 2.310e-18, 
183.00630, 2.298e-18, 
183.00747, 2.284e-18, 
183.00863, 2.273e-18, 
183.00980, 2.261e-18, 
183.01096, 2.250e-18, 
183.01213, 2.240e-18, 
183.01330, 2.231e-18, 
183.01446, 2.222e-18, 
183.01563, 2.216e-18, 
183.01680, 2.210e-18, 
183.01796, 2.209e-18, 
183.01913, 2.207e-18, 
183.02030, 2.206e-18, 
183.02146, 2.207e-18, 
183.02263, 2.209e-18, 
183.02379, 2.210e-18, 
183.02496, 2.210e-18, 
183.02612, 2.212e-18, 
183.02729, 2.210e-18, 
183.02846, 2.209e-18, 
183.02962, 2.206e-18, 
183.03079, 2.200e-18, 
183.03196, 2.191e-18, 
183.03312, 2.179e-18, 
183.03429, 2.164e-18, 
183.03545, 2.145e-18, 
183.03662, 2.124e-18, 
183.03779, 2.104e-18, 
183.03895, 2.080e-18, 
183.04012, 2.058e-18, 
183.04128, 2.036e-18, 
183.04245, 2.015e-18, 
183.04362, 1.996e-18, 
183.04478, 1.978e-18, 
183.04595, 1.963e-18, 
183.04712, 1.951e-18, 
183.04828, 1.941e-18, 
183.04945, 1.933e-18, 
183.05062, 1.929e-18, 
183.05178, 1.926e-18, 
183.05295, 1.926e-18, 
183.05411, 1.927e-18, 
183.05528, 1.929e-18, 
183.05645, 1.930e-18, 
183.05761, 1.930e-18, 
183.05878, 1.927e-18, 
183.05994, 1.921e-18, 
183.06111, 1.913e-18, 
183.06228, 1.901e-18, 
183.06344, 1.887e-18, 
183.06461, 1.871e-18, 
183.06578, 1.858e-18, 
183.06694, 1.844e-18, 
183.06811, 1.833e-18, 
183.06927, 1.825e-18, 
183.07044, 1.819e-18, 
183.07161, 1.816e-18, 
183.07277, 1.818e-18, 
183.07394, 1.821e-18, 
183.07510, 1.827e-18, 
183.07627, 1.837e-18, 
183.07744, 1.849e-18, 
183.07860, 1.865e-18, 
183.07977, 1.883e-18, 
183.08093, 1.904e-18, 
183.08210, 1.924e-18, 
183.08327, 1.944e-18, 
183.08443, 1.960e-18, 
183.08560, 1.975e-18, 
183.08677, 1.985e-18, 
183.08793, 1.991e-18, 
183.08910, 1.994e-18, 
183.09026, 1.994e-18, 
183.09143, 1.993e-18, 
183.09260, 1.990e-18, 
183.09376, 1.988e-18, 
183.09493, 1.987e-18, 
183.09609, 1.985e-18, 
183.09726, 1.982e-18, 
183.09843, 1.981e-18, 
183.09959, 1.976e-18, 
183.10076, 1.972e-18, 
183.10193, 1.967e-18, 
183.10309, 1.963e-18, 
183.10426, 1.957e-18, 
183.10542, 1.953e-18, 
183.10659, 1.950e-18, 
183.10776, 1.948e-18, 
183.10892, 1.947e-18, 
183.11009, 1.947e-18, 
183.11125, 1.947e-18, 
183.11242, 1.947e-18, 
183.11359, 1.948e-18, 
183.11475, 1.947e-18, 
183.11592, 1.945e-18, 
183.11708, 1.942e-18, 
183.11825, 1.939e-18, 
183.11942, 1.933e-18, 
183.12058, 1.927e-18, 
183.12175, 1.921e-18, 
183.12292, 1.916e-18, 
183.12408, 1.910e-18, 
183.12525, 1.905e-18, 
183.12641, 1.904e-18, 
183.12758, 1.902e-18, 
183.12875, 1.904e-18, 
183.12991, 1.907e-18, 
183.13108, 1.911e-18, 
183.13225, 1.917e-18, 
183.13341, 1.926e-18, 
183.13458, 1.935e-18, 
183.13574, 1.948e-18, 
183.13691, 1.963e-18, 
183.13807, 1.982e-18, 
183.13924, 2.004e-18, 
183.14041, 2.030e-18, 
183.14157, 2.059e-18, 
183.14274, 2.090e-18, 
183.14391, 2.124e-18, 
183.14507, 2.159e-18, 
183.14624, 2.191e-18, 
183.14741, 2.222e-18, 
183.14857, 2.252e-18, 
183.14974, 2.279e-18, 
183.15090, 2.302e-18, 
183.15207, 2.321e-18, 
183.15324, 2.336e-18, 
183.15440, 2.351e-18, 
183.15557, 2.361e-18, 
183.15673, 2.372e-18, 
183.15790, 2.379e-18, 
183.15907, 2.388e-18, 
183.16023, 2.397e-18, 
183.16140, 2.407e-18, 
183.16257, 2.421e-18, 
183.16373, 2.436e-18, 
183.16490, 2.453e-18, 
183.16606, 2.474e-18, 
183.16723, 2.498e-18, 
183.16840, 2.521e-18, 
183.16956, 2.547e-18, 
183.17073, 2.567e-18, 
183.17190, 2.587e-18, 
183.17306, 2.600e-18, 
183.17423, 2.609e-18, 
183.17539, 2.615e-18, 
183.17656, 2.616e-18, 
183.17772, 2.616e-18, 
183.17889, 2.615e-18, 
183.18006, 2.615e-18, 
183.18122, 2.616e-18, 
183.18239, 2.621e-18, 
183.18356, 2.625e-18, 
183.18472, 2.633e-18, 
183.18589, 2.639e-18, 
183.18706, 2.644e-18, 
183.18822, 2.650e-18, 
183.18939, 2.653e-18, 
183.19055, 2.655e-18, 
183.19172, 2.655e-18, 
183.19288, 2.653e-18, 
183.19405, 2.653e-18, 
183.19522, 2.653e-18, 
183.19638, 2.653e-18, 
183.19755, 2.656e-18, 
183.19872, 2.662e-18, 
183.19988, 2.670e-18, 
183.20105, 2.680e-18, 
183.20221, 2.690e-18, 
183.20338, 2.704e-18, 
183.20455, 2.717e-18, 
183.20571, 2.729e-18, 
183.20688, 2.741e-18, 
183.20804, 2.748e-18, 
183.20921, 2.754e-18, 
183.21038, 2.754e-18, 
183.21154, 2.753e-18, 
183.21271, 2.745e-18, 
183.21388, 2.736e-18, 
183.21504, 2.727e-18, 
183.21621, 2.719e-18, 
183.21737, 2.711e-18, 
183.21854, 2.708e-18, 
183.21971, 2.710e-18, 
183.22087, 2.716e-18, 
183.22204, 2.724e-18, 
183.22320, 2.735e-18, 
183.22437, 2.747e-18, 
183.22554, 2.754e-18, 
183.22670, 2.757e-18, 
183.22787, 2.754e-18, 
183.22904, 2.744e-18, 
183.23020, 2.729e-18, 
183.23137, 2.710e-18, 
183.23253, 2.689e-18, 
183.23370, 2.670e-18, 
183.23487, 2.653e-18, 
183.23603, 2.643e-18, 
183.23720, 2.637e-18, 
183.23837, 2.637e-18, 
183.23953, 2.640e-18, 
183.24070, 2.644e-18, 
183.24186, 2.649e-18, 
183.24303, 2.650e-18, 
183.24419, 2.650e-18, 
183.24536, 2.646e-18, 
183.24653, 2.640e-18, 
183.24769, 2.633e-18, 
183.24886, 2.625e-18, 
183.25003, 2.616e-18, 
183.25119, 2.610e-18, 
183.25236, 2.606e-18, 
183.25353, 2.603e-18, 
183.25469, 2.601e-18, 
183.25586, 2.600e-18, 
183.25702, 2.601e-18, 
183.25819, 2.603e-18, 
183.25936, 2.604e-18, 
183.26052, 2.606e-18, 
183.26169, 2.606e-18, 
183.26285, 2.606e-18, 
183.26402, 2.607e-18, 
183.26519, 2.607e-18, 
183.26635, 2.609e-18, 
183.26752, 2.610e-18, 
183.26869, 2.615e-18, 
183.26985, 2.621e-18, 
183.27102, 2.627e-18, 
183.27218, 2.634e-18, 
183.27335, 2.641e-18, 
183.27451, 2.646e-18, 
183.27568, 2.649e-18, 
183.27685, 2.647e-18, 
183.27801, 2.643e-18, 
183.27918, 2.636e-18, 
183.28035, 2.624e-18, 
183.28151, 2.612e-18, 
183.28268, 2.600e-18, 
183.28385, 2.590e-18, 
183.28501, 2.581e-18, 
183.28618, 2.573e-18, 
183.28734, 2.567e-18, 
183.28851, 2.563e-18, 
183.28967, 2.559e-18, 
183.29084, 2.553e-18, 
183.29201, 2.548e-18, 
183.29318, 2.541e-18, 
183.29434, 2.532e-18, 
183.29551, 2.523e-18, 
183.29667, 2.513e-18, 
183.29784, 2.504e-18, 
183.29900, 2.496e-18, 
183.30017, 2.492e-18, 
183.30134, 2.489e-18, 
183.30250, 2.490e-18, 
183.30367, 2.496e-18, 
183.30484, 2.507e-18, 
183.30600, 2.519e-18, 
183.30717, 2.532e-18, 
183.30834, 2.547e-18, 
183.30950, 2.561e-18, 
183.31067, 2.575e-18, 
183.31183, 2.587e-18, 
183.31300, 2.596e-18, 
183.31417, 2.603e-18, 
183.31533, 2.609e-18, 
183.31650, 2.615e-18, 
183.31766, 2.619e-18, 
183.31883, 2.624e-18, 
183.32000, 2.630e-18, 
183.32116, 2.636e-18, 
183.32233, 2.641e-18, 
183.32349, 2.647e-18, 
183.32466, 2.655e-18, 
183.32583, 2.661e-18, 
183.32699, 2.668e-18, 
183.32816, 2.674e-18, 
183.32933, 2.680e-18, 
183.33049, 2.686e-18, 
183.33166, 2.692e-18, 
183.33282, 2.696e-18, 
183.33399, 2.701e-18, 
183.33516, 2.707e-18, 
183.33632, 2.711e-18, 
183.33749, 2.717e-18, 
183.33866, 2.721e-18, 
183.33982, 2.729e-18, 
183.34099, 2.735e-18, 
183.34215, 2.742e-18, 
183.34332, 2.751e-18, 
183.34448, 2.760e-18, 
183.34565, 2.770e-18, 
183.34682, 2.784e-18, 
183.34798, 2.797e-18, 
183.34915, 2.815e-18, 
183.35032, 2.834e-18, 
183.35148, 2.855e-18, 
183.35265, 2.880e-18, 
183.35381, 2.904e-18, 
183.35498, 2.930e-18, 
183.35615, 2.956e-18, 
183.35731, 2.979e-18, 
183.35848, 3.000e-18, 
183.35965, 3.019e-18, 
183.36081, 3.033e-18, 
183.36198, 3.043e-18, 
183.36314, 3.049e-18, 
183.36431, 3.052e-18, 
183.36548, 3.052e-18, 
183.36664, 3.049e-18, 
183.36781, 3.046e-18, 
183.36897, 3.041e-18, 
183.37014, 3.037e-18, 
183.37131, 3.031e-18, 
183.37247, 3.025e-18, 
183.37364, 3.019e-18, 
183.37480, 3.013e-18, 
183.37597, 3.007e-18, 
183.37714, 3.001e-18, 
183.37830, 2.996e-18, 
183.37947, 2.991e-18, 
183.38063, 2.987e-18, 
183.38180, 2.981e-18, 
183.38297, 2.973e-18, 
183.38414, 2.964e-18, 
183.38530, 2.957e-18, 
183.38647, 2.948e-18, 
183.38763, 2.941e-18, 
183.38880, 2.935e-18, 
183.38996, 2.932e-18, 
183.39113, 2.930e-18, 
183.39230, 2.932e-18, 
183.39346, 2.935e-18, 
183.39463, 2.936e-18, 
183.39580, 2.938e-18, 
183.39696, 2.938e-18, 
183.39813, 2.935e-18, 
183.39929, 2.930e-18, 
183.40046, 2.926e-18, 
183.40163, 2.920e-18, 
183.40279, 2.914e-18, 
183.40396, 2.911e-18, 
183.40513, 2.908e-18, 
183.40629, 2.907e-18, 
183.40746, 2.905e-18, 
183.40862, 2.904e-18, 
183.40979, 2.902e-18, 
183.41096, 2.901e-18, 
183.41212, 2.899e-18, 
183.41329, 2.898e-18, 
183.41445, 2.896e-18, 
183.41562, 2.896e-18, 
183.41679, 2.896e-18, 
183.41795, 2.895e-18, 
183.41912, 2.895e-18, 
183.42028, 2.895e-18, 
183.42145, 2.893e-18, 
183.42262, 2.890e-18, 
183.42378, 2.889e-18, 
183.42495, 2.886e-18, 
183.42612, 2.883e-18, 
183.42728, 2.880e-18, 
183.42845, 2.879e-18, 
183.42961, 2.876e-18, 
183.43078, 2.874e-18, 
183.43195, 2.873e-18, 
183.43311, 2.873e-18, 
183.43428, 2.873e-18, 
183.43545, 2.873e-18, 
183.43661, 2.874e-18, 
183.43778, 2.874e-18, 
183.43894, 2.876e-18, 
183.44011, 2.877e-18, 
183.44128, 2.879e-18, 
183.44244, 2.881e-18, 
183.44361, 2.884e-18, 
183.44477, 2.887e-18, 
183.44594, 2.893e-18, 
183.44711, 2.901e-18, 
183.44827, 2.910e-18, 
183.44944, 2.920e-18, 
183.45061, 2.930e-18, 
183.45177, 2.941e-18, 
183.45294, 2.948e-18, 
183.45410, 2.954e-18, 
183.45527, 2.956e-18, 
183.45643, 2.956e-18, 
183.45760, 2.954e-18, 
183.45877, 2.950e-18, 
183.45993, 2.944e-18, 
183.46110, 2.938e-18, 
183.46227, 2.930e-18, 
183.46343, 2.924e-18, 
183.46460, 2.917e-18, 
183.46576, 2.911e-18, 
183.46693, 2.904e-18, 
183.46810, 2.898e-18, 
183.46927, 2.890e-18, 
183.47043, 2.883e-18, 
183.47159, 2.876e-18, 
183.47276, 2.868e-18, 
183.47393, 2.861e-18, 
183.47510, 2.853e-18, 
183.47626, 2.847e-18, 
183.47743, 2.841e-18, 
183.47859, 2.839e-18, 
183.47976, 2.837e-18, 
183.48093, 2.836e-18, 
183.48209, 2.836e-18, 
183.48326, 2.837e-18, 
183.48442, 2.839e-18, 
183.48559, 2.840e-18, 
183.48676, 2.839e-18, 
183.48792, 2.837e-18, 
183.48909, 2.833e-18, 
183.49026, 2.827e-18, 
183.49142, 2.821e-18, 
183.49259, 2.813e-18, 
183.49375, 2.806e-18, 
183.49492, 2.801e-18, 
183.49609, 2.799e-18, 
183.49725, 2.797e-18, 
183.49842, 2.799e-18, 
183.49959, 2.803e-18, 
183.50075, 2.809e-18, 
183.50192, 2.816e-18, 
183.50308, 2.824e-18, 
183.50425, 2.831e-18, 
183.50541, 2.837e-18, 
183.50658, 2.840e-18, 
183.50775, 2.841e-18, 
183.50891, 2.843e-18, 
183.51008, 2.841e-18, 
183.51125, 2.841e-18, 
183.51241, 2.841e-18, 
183.51358, 2.843e-18, 
183.51474, 2.844e-18, 
183.51591, 2.846e-18, 
183.51708, 2.849e-18, 
183.51824, 2.850e-18, 
183.51941, 2.850e-18, 
183.52058, 2.849e-18, 
183.52174, 2.847e-18, 
183.52291, 2.843e-18, 
183.52407, 2.837e-18, 
183.52524, 2.830e-18, 
183.52641, 2.824e-18, 
183.52757, 2.819e-18, 
183.52874, 2.816e-18, 
183.52991, 2.818e-18, 
183.53107, 2.821e-18, 
183.53224, 2.828e-18, 
183.53340, 2.840e-18, 
183.53457, 2.852e-18, 
183.53574, 2.867e-18, 
183.53690, 2.883e-18, 
183.53807, 2.898e-18, 
183.53923, 2.913e-18, 
183.54040, 2.927e-18, 
183.54156, 2.942e-18, 
183.54273, 2.957e-18, 
183.54390, 2.973e-18, 
183.54506, 2.988e-18, 
183.54623, 3.004e-18, 
183.54740, 3.018e-18, 
183.54856, 3.033e-18, 
183.54973, 3.044e-18, 
183.55090, 3.055e-18, 
183.55206, 3.065e-18, 
183.55323, 3.074e-18, 
183.55439, 3.084e-18, 
183.55556, 3.096e-18, 
183.55672, 3.110e-18, 
183.55789, 3.121e-18, 
183.55906, 3.136e-18, 
183.56023, 3.151e-18, 
183.56139, 3.164e-18, 
183.56256, 3.178e-18, 
183.56372, 3.190e-18, 
183.56489, 3.201e-18, 
183.56605, 3.215e-18, 
183.56722, 3.230e-18, 
183.56839, 3.243e-18, 
183.56955, 3.259e-18, 
183.57072, 3.277e-18, 
183.57188, 3.293e-18, 
183.57305, 3.308e-18, 
183.57422, 3.321e-18, 
183.57539, 3.332e-18, 
183.57655, 3.342e-18, 
183.57772, 3.350e-18, 
183.57888, 3.356e-18, 
183.58005, 3.363e-18, 
183.58122, 3.372e-18, 
183.58238, 3.384e-18, 
183.58355, 3.399e-18, 
183.58471, 3.415e-18, 
183.58588, 3.431e-18, 
183.58705, 3.450e-18, 
183.58821, 3.470e-18, 
183.58938, 3.487e-18, 
183.59054, 3.504e-18, 
183.59171, 3.519e-18, 
183.59288, 3.530e-18, 
183.59404, 3.539e-18, 
183.59521, 3.545e-18, 
183.59638, 3.548e-18, 
183.59754, 3.550e-18, 
183.59871, 3.550e-18, 
183.59987, 3.551e-18, 
183.60104, 3.554e-18, 
183.60220, 3.561e-18, 
183.60337, 3.573e-18, 
183.60454, 3.590e-18, 
183.60570, 3.612e-18, 
183.60687, 3.639e-18, 
183.60804, 3.668e-18, 
183.60920, 3.699e-18, 
183.61037, 3.727e-18, 
183.61154, 3.754e-18, 
183.61270, 3.778e-18, 
183.61387, 3.799e-18, 
183.61503, 3.815e-18, 
183.61620, 3.830e-18, 
183.61736, 3.843e-18, 
183.61853, 3.858e-18, 
183.61970, 3.874e-18, 
183.62086, 3.893e-18, 
183.62203, 3.917e-18, 
183.62319, 3.942e-18, 
183.62436, 3.970e-18, 
183.62553, 3.999e-18, 
183.62669, 4.024e-18, 
183.62786, 4.047e-18, 
183.62903, 4.067e-18, 
183.63019, 4.084e-18, 
183.63136, 4.101e-18, 
183.63252, 4.116e-18, 
183.63369, 4.130e-18, 
183.63486, 4.147e-18, 
183.63602, 4.164e-18, 
183.63719, 4.184e-18, 
183.63836, 4.201e-18, 
183.63952, 4.221e-18, 
183.64069, 4.239e-18, 
183.64186, 4.256e-18, 
183.64302, 4.271e-18, 
183.64419, 4.284e-18, 
183.64535, 4.296e-18, 
183.64652, 4.308e-18, 
183.64769, 4.319e-18, 
183.64885, 4.327e-18, 
183.65002, 4.333e-18, 
183.65118, 4.338e-18, 
183.65235, 4.339e-18, 
183.65351, 4.341e-18, 
183.65468, 4.342e-18, 
183.65585, 4.345e-18, 
183.65702, 4.350e-18, 
183.65818, 4.360e-18, 
183.65935, 4.373e-18, 
183.66051, 4.390e-18, 
183.66168, 4.410e-18, 
183.66284, 4.431e-18, 
183.66401, 4.453e-18, 
183.66518, 4.473e-18, 
183.66634, 4.489e-18, 
183.66751, 4.502e-18, 
183.66868, 4.511e-18, 
183.66984, 4.516e-18, 
183.67101, 4.519e-18, 
183.67218, 4.517e-18, 
183.67334, 4.516e-18, 
183.67451, 4.514e-18, 
183.67567, 4.511e-18, 
183.67684, 4.510e-18, 
183.67801, 4.508e-18, 
183.67917, 4.507e-18, 
183.68034, 4.507e-18, 
183.68150, 4.507e-18, 
183.68267, 4.510e-18, 
183.68384, 4.513e-18, 
183.68500, 4.516e-18, 
183.68617, 4.517e-18, 
183.68733, 4.517e-18, 
183.68850, 4.516e-18, 
183.68967, 4.510e-18, 
183.69083, 4.502e-18, 
183.69200, 4.493e-18, 
183.69316, 4.483e-18, 
183.69433, 4.474e-18, 
183.69550, 4.468e-18, 
183.69666, 4.465e-18, 
183.69783, 4.467e-18, 
183.69900, 4.470e-18, 
183.70016, 4.476e-18, 
183.70133, 4.481e-18, 
183.70250, 4.487e-18, 
183.70366, 4.490e-18, 
183.70483, 4.493e-18, 
183.70599, 4.496e-18, 
183.70716, 4.502e-18, 
183.70833, 4.511e-18, 
183.70949, 4.526e-18, 
183.71066, 4.548e-18, 
183.71182, 4.578e-18, 
183.71299, 4.615e-18, 
183.71416, 4.658e-18, 
183.71532, 4.707e-18, 
183.71649, 4.760e-18, 
183.71766, 4.818e-18, 
183.71882, 4.879e-18, 
183.71999, 4.945e-18, 
183.72115, 5.016e-18, 
183.72232, 5.095e-18, 
183.72348, 5.181e-18, 
183.72465, 5.271e-18, 
183.72582, 5.364e-18, 
183.72698, 5.461e-18, 
183.72815, 5.551e-18, 
183.72932, 5.636e-18, 
183.73048, 5.711e-18, 
183.73165, 5.772e-18, 
183.73281, 5.818e-18, 
183.73398, 5.847e-18, 
183.73515, 5.864e-18, 
183.73631, 5.870e-18, 
183.73748, 5.865e-18, 
183.73864, 5.856e-18, 
183.73981, 5.843e-18, 
183.74098, 5.833e-18, 
183.74214, 5.825e-18, 
183.74331, 5.822e-18, 
183.74448, 5.824e-18, 
183.74564, 5.831e-18, 
183.74681, 5.841e-18, 
183.74797, 5.856e-18, 
183.74914, 5.873e-18, 
183.75031, 5.890e-18, 
183.75147, 5.904e-18, 
183.75264, 5.916e-18, 
183.75380, 5.923e-18, 
183.75497, 5.927e-18, 
183.75614, 5.926e-18, 
183.75730, 5.919e-18, 
183.75847, 5.908e-18, 
183.75964, 5.895e-18, 
183.76080, 5.880e-18, 
183.76197, 5.865e-18, 
183.76313, 5.850e-18, 
183.76430, 5.837e-18, 
183.76547, 5.825e-18, 
183.76663, 5.816e-18, 
183.76780, 5.807e-18, 
183.76897, 5.803e-18, 
183.77013, 5.800e-18, 
183.77130, 5.799e-18, 
183.77246, 5.799e-18, 
183.77363, 5.799e-18, 
183.77480, 5.800e-18, 
183.77596, 5.800e-18, 
183.77713, 5.796e-18, 
183.77829, 5.790e-18, 
183.77946, 5.778e-18, 
183.78063, 5.759e-18, 
183.78179, 5.735e-18, 
183.78296, 5.705e-18, 
183.78412, 5.673e-18, 
183.78529, 5.639e-18, 
183.78646, 5.603e-18, 
183.78762, 5.569e-18, 
183.78879, 5.538e-18, 
183.78996, 5.511e-18, 
183.79112, 5.487e-18, 
183.79229, 5.468e-18, 
183.79345, 5.452e-18, 
183.79462, 5.441e-18, 
183.79579, 5.433e-18, 
183.79695, 5.425e-18, 
183.79812, 5.418e-18, 
183.79928, 5.409e-18, 
183.80045, 5.400e-18, 
183.80162, 5.387e-18, 
183.80278, 5.370e-18, 
183.80395, 5.348e-18, 
183.80512, 5.323e-18, 
183.80628, 5.295e-18, 
183.80745, 5.265e-18, 
183.80862, 5.231e-18, 
183.80978, 5.197e-18, 
183.81095, 5.163e-18, 
183.81211, 5.129e-18, 
183.81328, 5.095e-18, 
183.81445, 5.064e-18, 
183.81561, 5.033e-18, 
183.81678, 5.003e-18, 
183.81794, 4.975e-18, 
183.81911, 4.950e-18, 
183.82028, 4.927e-18, 
183.82144, 4.908e-18, 
183.82261, 4.893e-18, 
183.82378, 4.884e-18, 
183.82494, 4.881e-18, 
183.82611, 4.884e-18, 
183.82727, 4.892e-18, 
183.82844, 4.904e-18, 
183.82961, 4.917e-18, 
183.83077, 4.930e-18, 
183.83194, 4.941e-18, 
183.83310, 4.947e-18, 
183.83427, 4.948e-18, 
183.83543, 4.947e-18, 
183.83660, 4.941e-18, 
183.83777, 4.932e-18, 
183.83894, 4.923e-18, 
183.84010, 4.916e-18, 
183.84127, 4.910e-18, 
183.84243, 4.907e-18, 
183.84360, 4.905e-18, 
183.84477, 4.905e-18, 
183.84593, 4.905e-18, 
183.84710, 4.902e-18, 
183.84826, 4.898e-18, 
183.84943, 4.890e-18, 
183.85060, 4.879e-18, 
183.85176, 4.864e-18, 
183.85293, 4.844e-18, 
183.85410, 4.821e-18, 
183.85526, 4.791e-18, 
183.85643, 4.757e-18, 
183.85759, 4.719e-18, 
183.85876, 4.674e-18, 
183.85993, 4.630e-18, 
183.86109, 4.584e-18, 
183.86226, 4.542e-18, 
183.86343, 4.507e-18, 
183.86459, 4.481e-18, 
183.86576, 4.470e-18, 
183.86692, 4.470e-18, 
183.86809, 4.481e-18, 
183.86925, 4.502e-18, 
183.87042, 4.530e-18, 
183.87159, 4.560e-18, 
183.87275, 4.590e-18, 
183.87392, 4.612e-18, 
183.87509, 4.627e-18, 
183.87625, 4.630e-18, 
183.87742, 4.621e-18, 
183.87858, 4.601e-18, 
183.87975, 4.575e-18, 
183.88092, 4.542e-18, 
183.88208, 4.505e-18, 
183.88325, 4.468e-18, 
183.88441, 4.434e-18, 
183.88558, 4.406e-18, 
183.88675, 4.382e-18, 
183.88791, 4.361e-18, 
183.88908, 4.345e-18, 
183.89025, 4.332e-18, 
183.89141, 4.321e-18, 
183.89258, 4.310e-18, 
183.89374, 4.298e-18, 
183.89491, 4.284e-18, 
183.89608, 4.270e-18, 
183.89724, 4.252e-18, 
183.89841, 4.233e-18, 
183.89957, 4.210e-18, 
183.90074, 4.187e-18, 
183.90191, 4.160e-18, 
183.90307, 4.135e-18, 
183.90424, 4.110e-18, 
183.90540, 4.086e-18, 
183.90657, 4.065e-18, 
183.90774, 4.047e-18, 
183.90891, 4.033e-18, 
183.91007, 4.019e-18, 
183.91124, 4.007e-18, 
183.91240, 3.996e-18, 
183.91357, 3.982e-18, 
183.91474, 3.967e-18, 
183.91590, 3.951e-18, 
183.91707, 3.935e-18, 
183.91823, 3.920e-18, 
183.91940, 3.907e-18, 
183.92056, 3.898e-18, 
183.92173, 3.893e-18, 
183.92290, 3.893e-18, 
183.92407, 3.895e-18, 
183.92523, 3.899e-18, 
183.92640, 3.904e-18, 
183.92756, 3.907e-18, 
183.92873, 3.907e-18, 
183.92989, 3.902e-18, 
183.93106, 3.893e-18, 
183.93223, 3.883e-18, 
183.93339, 3.868e-18, 
183.93456, 3.853e-18, 
183.93573, 3.839e-18, 
183.93689, 3.825e-18, 
183.93806, 3.815e-18, 
183.93923, 3.804e-18, 
183.94039, 3.797e-18, 
183.94156, 3.790e-18, 
183.94272, 3.784e-18, 
183.94389, 3.776e-18, 
183.94505, 3.767e-18, 
183.94622, 3.757e-18, 
183.94739, 3.745e-18, 
183.94855, 3.732e-18, 
183.94972, 3.720e-18, 
183.95088, 3.708e-18, 
183.95205, 3.698e-18, 
183.95322, 3.687e-18, 
183.95438, 3.680e-18, 
183.95555, 3.671e-18, 
183.95672, 3.659e-18, 
183.95788, 3.646e-18, 
183.95905, 3.633e-18, 
183.96021, 3.616e-18, 
183.96138, 3.601e-18, 
183.96255, 3.590e-18, 
183.96371, 3.581e-18, 
183.96488, 3.578e-18, 
183.96605, 3.581e-18, 
183.96721, 3.588e-18, 
183.96838, 3.600e-18, 
183.96955, 3.613e-18, 
183.97071, 3.625e-18, 
183.97188, 3.634e-18, 
183.97304, 3.639e-18, 
183.97421, 3.639e-18, 
183.97537, 3.636e-18, 
183.97654, 3.630e-18, 
183.97771, 3.621e-18, 
183.97887, 3.613e-18, 
183.98004, 3.607e-18, 
183.98121, 3.603e-18, 
183.98237, 3.601e-18, 
183.98354, 3.603e-18, 
183.98471, 3.607e-18, 
183.98587, 3.613e-18, 
183.98704, 3.621e-18, 
183.98820, 3.630e-18, 
183.98937, 3.640e-18, 
183.99053, 3.649e-18, 
183.99170, 3.658e-18, 
183.99287, 3.665e-18, 
183.99403, 3.671e-18, 
183.99520, 3.674e-18, 
183.99636, 3.673e-18, 
183.99753, 3.668e-18, 
183.99870, 3.661e-18, 
183.99986, 3.647e-18, 
184.00103, 3.633e-18, 
184.00220, 3.613e-18, 
184.00336, 3.594e-18, 
184.00453, 3.573e-18, 
184.00570, 3.554e-18, 
184.00686, 3.536e-18, 
184.00803, 3.521e-18, 
184.00919, 3.510e-18, 
184.01036, 3.501e-18, 
184.01153, 3.495e-18, 
184.01269, 3.490e-18, 
184.01386, 3.489e-18, 
184.01502, 3.487e-18, 
184.01619, 3.486e-18, 
184.01736, 3.486e-18, 
184.01852, 3.483e-18, 
184.01969, 3.480e-18, 
184.02085, 3.476e-18, 
184.02202, 3.470e-18, 
184.02319, 3.464e-18, 
184.02435, 3.456e-18, 
184.02552, 3.447e-18, 
184.02669, 3.439e-18, 
184.02785, 3.430e-18, 
184.02902, 3.421e-18, 
184.03018, 3.412e-18, 
184.03135, 3.403e-18, 
184.03252, 3.396e-18, 
184.03368, 3.387e-18, 
184.03485, 3.379e-18, 
184.03601, 3.372e-18, 
184.03718, 3.364e-18, 
184.03835, 3.359e-18, 
184.03951, 3.354e-18, 
184.04068, 3.353e-18, 
184.04185, 3.353e-18, 
184.04301, 3.357e-18, 
184.04418, 3.366e-18, 
184.04534, 3.378e-18, 
184.04651, 3.391e-18, 
184.04768, 3.406e-18, 
184.04884, 3.419e-18, 
184.05001, 3.428e-18, 
184.05117, 3.433e-18, 
184.05234, 3.431e-18, 
184.05351, 3.422e-18, 
184.05467, 3.406e-18, 
184.05584, 3.385e-18, 
184.05700, 3.360e-18, 
184.05817, 3.332e-18, 
184.05934, 3.302e-18, 
184.06050, 3.274e-18, 
184.06167, 3.246e-18, 
184.06283, 3.222e-18, 
184.06400, 3.200e-18, 
184.06517, 3.182e-18, 
184.06633, 3.169e-18, 
184.06750, 3.159e-18, 
184.06867, 3.151e-18, 
184.06983, 3.147e-18, 
184.07100, 3.144e-18, 
184.07217, 3.142e-18, 
184.07333, 3.139e-18, 
184.07450, 3.133e-18, 
184.07567, 3.127e-18, 
184.07683, 3.117e-18, 
184.07800, 3.105e-18, 
184.07916, 3.092e-18, 
184.08033, 3.079e-18, 
184.08149, 3.067e-18, 
184.08266, 3.056e-18, 
184.08383, 3.049e-18, 
184.08499, 3.044e-18, 
184.08616, 3.044e-18, 
184.08733, 3.046e-18, 
184.08849, 3.047e-18, 
184.08966, 3.049e-18, 
184.09082, 3.049e-18, 
184.09199, 3.046e-18, 
184.09315, 3.040e-18, 
184.09432, 3.033e-18, 
184.09549, 3.021e-18, 
184.09666, 3.009e-18, 
184.09782, 2.999e-18, 
184.09899, 2.987e-18, 
184.10015, 2.978e-18, 
184.10132, 2.970e-18, 
184.10249, 2.964e-18, 
184.10365, 2.961e-18, 
184.10482, 2.960e-18, 
184.10598, 2.959e-18, 
184.10715, 2.959e-18, 
184.10832, 2.959e-18, 
184.10948, 2.957e-18, 
184.11065, 2.954e-18, 
184.11181, 2.950e-18, 
184.11298, 2.941e-18, 
184.11415, 2.932e-18, 
184.11531, 2.921e-18, 
184.11648, 2.908e-18, 
184.11765, 2.895e-18, 
184.11881, 2.883e-18, 
184.11998, 2.873e-18, 
184.12115, 2.865e-18, 
184.12231, 2.858e-18, 
184.12347, 2.850e-18, 
184.12464, 2.846e-18, 
184.12581, 2.840e-18, 
184.12697, 2.834e-18, 
184.12814, 2.825e-18, 
184.12931, 2.815e-18, 
184.13047, 2.801e-18, 
184.13164, 2.787e-18, 
184.13280, 2.770e-18, 
184.13397, 2.753e-18, 
184.13514, 2.735e-18, 
184.13630, 2.720e-18, 
184.13747, 2.705e-18, 
184.13864, 2.693e-18, 
184.13980, 2.684e-18, 
184.14097, 2.677e-18, 
184.14214, 2.673e-18, 
184.14330, 2.670e-18, 
184.14447, 2.670e-18, 
184.14563, 2.670e-18, 
184.14680, 2.673e-18, 
184.14796, 2.674e-18, 
184.14913, 2.679e-18, 
184.15030, 2.681e-18, 
184.15146, 2.683e-18, 
184.15263, 2.683e-18, 
184.15380, 2.681e-18, 
184.15496, 2.677e-18, 
184.15613, 2.670e-18, 
184.15729, 2.659e-18, 
184.15846, 2.646e-18, 
184.15963, 2.633e-18, 
184.16079, 2.621e-18, 
184.16196, 2.609e-18, 
184.16312, 2.600e-18, 
184.16429, 2.593e-18, 
184.16546, 2.590e-18, 
184.16662, 2.591e-18, 
184.16779, 2.594e-18, 
184.16896, 2.599e-18, 
184.17012, 2.604e-18, 
184.17129, 2.610e-18, 
184.17245, 2.615e-18, 
184.17362, 2.616e-18, 
184.17479, 2.613e-18, 
184.17595, 2.607e-18, 
184.17712, 2.599e-18, 
184.17829, 2.585e-18, 
184.17945, 2.569e-18, 
184.18062, 2.553e-18, 
184.18178, 2.535e-18, 
184.18295, 2.519e-18, 
184.18412, 2.505e-18, 
184.18528, 2.495e-18, 
184.18645, 2.487e-18, 
184.18761, 2.486e-18, 
184.18878, 2.486e-18, 
184.18995, 2.490e-18, 
184.19111, 2.496e-18, 
184.19228, 2.504e-18, 
184.19345, 2.510e-18, 
184.19461, 2.516e-18, 
184.19578, 2.520e-18, 
184.19694, 2.521e-18, 
184.19811, 2.521e-18, 
184.19928, 2.520e-18, 
184.20044, 2.519e-18, 
184.20161, 2.517e-18, 
184.20277, 2.516e-18, 
184.20394, 2.517e-18, 
184.20511, 2.519e-18, 
184.20627, 2.521e-18, 
184.20744, 2.524e-18, 
184.20861, 2.527e-18, 
184.20977, 2.530e-18, 
184.21094, 2.532e-18, 
184.21211, 2.532e-18, 
184.21327, 2.530e-18, 
184.21444, 2.530e-18, 
184.21560, 2.529e-18, 
184.21677, 2.527e-18, 
184.21794, 2.527e-18, 
184.21910, 2.527e-18, 
184.22027, 2.527e-18, 
184.22143, 2.530e-18, 
184.22260, 2.532e-18, 
184.22377, 2.535e-18, 
184.22493, 2.539e-18, 
184.22610, 2.542e-18, 
184.22726, 2.547e-18, 
184.22843, 2.550e-18, 
184.22960, 2.553e-18, 
184.23076, 2.554e-18, 
184.23193, 2.557e-18, 
184.23310, 2.560e-18, 
184.23426, 2.563e-18, 
184.23543, 2.566e-18, 
184.23659, 2.570e-18, 
184.23776, 2.573e-18, 
184.23893, 2.575e-18, 
184.24009, 2.573e-18, 
184.24126, 2.572e-18, 
184.24242, 2.569e-18, 
184.24359, 2.564e-18, 
184.24476, 2.560e-18, 
184.24592, 2.556e-18, 
184.24709, 2.550e-18, 
184.24826, 2.545e-18, 
184.24942, 2.541e-18, 
184.25059, 2.535e-18, 
184.25175, 2.527e-18, 
184.25292, 2.520e-18, 
184.25408, 2.510e-18, 
184.25525, 2.499e-18, 
184.25642, 2.489e-18, 
184.25758, 2.479e-18, 
184.25875, 2.468e-18, 
184.25992, 2.462e-18, 
184.26108, 2.456e-18, 
184.26225, 2.455e-18, 
184.26341, 2.453e-18, 
184.26458, 2.456e-18, 
184.26575, 2.459e-18, 
184.26691, 2.464e-18, 
184.26808, 2.468e-18, 
184.26924, 2.474e-18, 
184.27041, 2.479e-18, 
184.27158, 2.483e-18, 
184.27275, 2.486e-18, 
184.27391, 2.486e-18, 
184.27508, 2.484e-18, 
184.27624, 2.481e-18, 
184.27741, 2.473e-18, 
184.27858, 2.462e-18, 
184.27974, 2.449e-18, 
184.28091, 2.433e-18, 
184.28207, 2.413e-18, 
184.28324, 2.394e-18, 
184.28441, 2.373e-18, 
184.28557, 2.353e-18, 
184.28674, 2.333e-18, 
184.28790, 2.314e-18, 
184.28907, 2.296e-18, 
184.29024, 2.280e-18, 
184.29140, 2.264e-18, 
184.29257, 2.249e-18, 
184.29374, 2.233e-18, 
184.29490, 2.219e-18, 
184.29607, 2.204e-18, 
184.29723, 2.190e-18, 
184.29840, 2.178e-18, 
184.29956, 2.167e-18, 
184.30073, 2.159e-18, 
184.30190, 2.153e-18, 
184.30306, 2.150e-18, 
184.30423, 2.148e-18, 
184.30540, 2.148e-18, 
184.30656, 2.148e-18, 
184.30773, 2.150e-18, 
184.30890, 2.151e-18, 
184.31006, 2.151e-18, 
184.31123, 2.153e-18, 
184.31239, 2.156e-18, 
184.31356, 2.157e-18, 
184.31472, 2.160e-18, 
184.31589, 2.161e-18, 
184.31706, 2.164e-18, 
184.31822, 2.164e-18, 
184.31939, 2.164e-18, 
184.32056, 2.160e-18, 
184.32172, 2.156e-18, 
184.32289, 2.150e-18, 
184.32405, 2.142e-18, 
184.32522, 2.136e-18, 
184.32639, 2.132e-18, 
184.32755, 2.126e-18, 
184.32872, 2.123e-18, 
184.32988, 2.119e-18, 
184.33105, 2.113e-18, 
184.33222, 2.105e-18, 
184.33338, 2.095e-18, 
184.33455, 2.081e-18, 
184.33572, 2.068e-18, 
184.33688, 2.053e-18, 
184.33805, 2.040e-18, 
184.33921, 2.028e-18, 
184.34038, 2.018e-18, 
184.34155, 2.010e-18, 
184.34271, 2.004e-18, 
184.34388, 2.000e-18, 
184.34505, 1.996e-18, 
184.34621, 1.993e-18, 
184.34738, 1.991e-18, 
184.34854, 1.988e-18, 
184.34971, 1.988e-18, 
184.35088, 1.988e-18, 
184.35204, 1.991e-18, 
184.35321, 1.996e-18, 
184.35438, 2.003e-18, 
184.35554, 2.010e-18, 
184.35671, 2.021e-18, 
184.35787, 2.031e-18, 
184.35904, 2.041e-18, 
184.36020, 2.052e-18, 
184.36137, 2.061e-18, 
184.36254, 2.070e-18, 
184.36370, 2.077e-18, 
184.36487, 2.083e-18, 
184.36604, 2.087e-18, 
184.36720, 2.092e-18, 
184.36837, 2.096e-18, 
184.36953, 2.102e-18, 
184.37070, 2.108e-18, 
184.37187, 2.116e-18, 
184.37303, 2.124e-18, 
184.37420, 2.136e-18, 
184.37536, 2.151e-18, 
184.37653, 2.167e-18, 
184.37770, 2.184e-18, 
184.37887, 2.201e-18, 
184.38003, 2.219e-18, 
184.38120, 2.237e-18, 
184.38236, 2.253e-18, 
184.38353, 2.267e-18, 
184.38470, 2.280e-18, 
184.38586, 2.290e-18, 
184.38703, 2.301e-18, 
184.38819, 2.310e-18, 
184.38936, 2.319e-18, 
184.39053, 2.326e-18, 
184.39169, 2.335e-18, 
184.39286, 2.342e-18, 
184.39403, 2.351e-18, 
184.39519, 2.359e-18, 
184.39636, 2.364e-18, 
184.39752, 2.370e-18, 
184.39868, 2.375e-18, 
184.39985, 2.376e-18, 
184.40102, 2.378e-18, 
184.40218, 2.378e-18, 
184.40335, 2.373e-18, 
184.40451, 2.369e-18, 
184.40568, 2.366e-18, 
184.40684, 2.361e-18, 
184.40801, 2.357e-18, 
184.40917, 2.351e-18, 
184.41034, 2.348e-18, 
184.41150, 2.345e-18, 
184.41267, 2.341e-18, 
184.41383, 2.338e-18, 
184.41500, 2.335e-18, 
184.41616, 2.332e-18, 
184.41733, 2.330e-18, 
184.41849, 2.330e-18, 
184.41966, 2.332e-18, 
184.42082, 2.333e-18, 
184.42199, 2.335e-18, 
184.42315, 2.336e-18, 
184.42432, 2.338e-18, 
184.42548, 2.338e-18, 
184.42665, 2.335e-18, 
184.42781, 2.333e-18, 
184.42898, 2.330e-18, 
184.43014, 2.329e-18, 
184.43131, 2.326e-18, 
184.43247, 2.326e-18, 
184.43363, 2.326e-18, 
184.43480, 2.326e-18, 
184.43596, 2.327e-18, 
184.43713, 2.326e-18, 
184.43829, 2.324e-18, 
184.43945, 2.320e-18, 
184.44062, 2.317e-18, 
184.44178, 2.311e-18, 
184.44295, 2.307e-18, 
184.44411, 2.299e-18, 
184.44528, 2.295e-18, 
184.44644, 2.290e-18, 
184.44760, 2.286e-18, 
184.44877, 2.279e-18, 
184.44993, 2.273e-18, 
184.45110, 2.265e-18, 
184.45226, 2.258e-18, 
184.45343, 2.247e-18, 
184.45459, 2.239e-18, 
184.45575, 2.231e-18, 
184.45692, 2.224e-18, 
184.45808, 2.219e-18, 
184.45924, 2.216e-18, 
184.46041, 2.216e-18, 
184.46157, 2.218e-18, 
184.46274, 2.222e-18, 
184.46390, 2.227e-18, 
184.46506, 2.230e-18, 
184.46623, 2.236e-18, 
184.46739, 2.237e-18, 
184.46856, 2.240e-18, 
184.46972, 2.241e-18, 
184.47088, 2.243e-18, 
184.47205, 2.243e-18, 
184.47321, 2.241e-18, 
184.47437, 2.240e-18, 
184.47554, 2.239e-18, 
184.47670, 2.236e-18, 
184.47787, 2.231e-18, 
184.47903, 2.225e-18, 
184.48019, 2.218e-18, 
184.48136, 2.210e-18, 
184.48252, 2.203e-18, 
184.48368, 2.197e-18, 
184.48485, 2.196e-18, 
184.48601, 2.197e-18, 
184.48717, 2.200e-18, 
184.48834, 2.204e-18, 
184.48950, 2.210e-18, 
184.49066, 2.213e-18, 
184.49183, 2.215e-18, 
184.49299, 2.213e-18, 
184.49415, 2.209e-18, 
184.49532, 2.203e-18, 
184.49648, 2.194e-18, 
184.49764, 2.185e-18, 
184.49881, 2.178e-18, 
184.49997, 2.169e-18, 
184.50113, 2.160e-18, 
184.50230, 2.151e-18, 
184.50346, 2.142e-18, 
184.50462, 2.133e-18, 
184.50578, 2.127e-18, 
184.50695, 2.124e-18, 
184.50811, 2.123e-18, 
184.50927, 2.121e-18, 
184.51044, 2.121e-18, 
184.51160, 2.117e-18, 
184.51276, 2.113e-18, 
184.51393, 2.105e-18, 
184.51509, 2.096e-18, 
184.51625, 2.086e-18, 
184.51741, 2.080e-18, 
184.51858, 2.076e-18, 
184.51974, 2.073e-18, 
184.52090, 2.074e-18, 
184.52206, 2.074e-18, 
184.52323, 2.071e-18, 
184.52439, 2.065e-18, 
184.52555, 2.055e-18, 
184.52672, 2.046e-18, 
184.52788, 2.037e-18, 
184.52904, 2.031e-18, 
184.53020, 2.034e-18, 
184.53137, 2.040e-18, 
184.53253, 2.052e-18, 
184.53369, 2.065e-18, 
184.53454, 2.076e-18, 
184.53540, 2.086e-18, 
184.53657, 2.096e-18, 
184.53773, 2.107e-18, 
184.53890, 2.117e-18, 
184.54007, 2.130e-18, 
184.54124, 2.147e-18, 
184.54240, 2.161e-18, 
184.54357, 2.172e-18, 
184.54474, 2.179e-18, 
184.54590, 2.182e-18, 
184.54707, 2.181e-18, 
184.54824, 2.181e-18, 
184.54940, 2.176e-18, 
184.55057, 2.173e-18, 
184.55174, 2.169e-18, 
184.55290, 2.163e-18, 
184.55407, 2.154e-18, 
184.55524, 2.151e-18, 
184.55640, 2.148e-18, 
184.55757, 2.150e-18, 
184.55874, 2.153e-18, 
184.55990, 2.159e-18, 
184.56107, 2.164e-18, 
184.56224, 2.173e-18, 
184.56340, 2.187e-18, 
184.56457, 2.203e-18, 
184.56573, 2.225e-18, 
184.56690, 2.249e-18, 
184.56807, 2.277e-18, 
184.56923, 2.304e-18, 
184.57040, 2.327e-18, 
184.57157, 2.350e-18, 
184.57273, 2.370e-18, 
184.57390, 2.388e-18, 
184.57507, 2.406e-18, 
184.57623, 2.422e-18, 
184.57740, 2.441e-18, 
184.57856, 2.458e-18, 
184.57973, 2.473e-18, 
184.58089, 2.490e-18, 
184.58206, 2.508e-18, 
184.58323, 2.526e-18, 
184.58439, 2.548e-18, 
184.58556, 2.570e-18, 
184.58672, 2.600e-18, 
184.58789, 2.634e-18, 
184.58906, 2.668e-18, 
184.59022, 2.704e-18, 
184.59139, 2.741e-18, 
184.59256, 2.775e-18, 
184.59372, 2.807e-18, 
184.59489, 2.839e-18, 
184.59605, 2.871e-18, 
184.59722, 2.904e-18, 
184.59838, 2.941e-18, 
184.59955, 2.984e-18, 
184.60072, 3.030e-18, 
184.60188, 3.083e-18, 
184.60305, 3.139e-18, 
184.60421, 3.197e-18, 
184.60538, 3.256e-18, 
184.60655, 3.319e-18, 
184.60771, 3.375e-18, 
184.60888, 3.428e-18, 
184.61004, 3.470e-18, 
184.61121, 3.499e-18, 
184.61237, 3.513e-18, 
184.61354, 3.520e-18, 
184.61470, 3.521e-18, 
184.61587, 3.526e-18, 
184.61704, 3.541e-18, 
184.61820, 3.570e-18, 
184.61936, 3.606e-18, 
184.62053, 3.647e-18, 
184.62170, 3.693e-18, 
184.62286, 3.736e-18, 
184.62403, 3.772e-18, 
184.62519, 3.804e-18, 
184.62636, 3.834e-18, 
184.62752, 3.858e-18, 
184.62869, 3.877e-18, 
184.62985, 3.892e-18, 
184.63102, 3.910e-18, 
184.63218, 3.927e-18, 
184.63335, 3.942e-18, 
184.63451, 3.964e-18, 
184.63568, 3.996e-18, 
184.63684, 4.024e-18, 
184.63801, 4.061e-18, 
184.63917, 4.104e-18, 
184.64034, 4.150e-18, 
184.64150, 4.194e-18, 
184.64267, 4.237e-18, 
184.64383, 4.277e-18, 
184.64500, 4.320e-18, 
184.64616, 4.357e-18, 
184.64732, 4.401e-18, 
184.64849, 4.453e-18, 
184.64966, 4.502e-18, 
184.65082, 4.547e-18, 
184.65199, 4.588e-18, 
184.65315, 4.625e-18, 
184.65431, 4.665e-18, 
184.65548, 4.714e-18, 
184.65664, 4.781e-18, 
184.65781, 4.864e-18, 
184.65897, 4.960e-18, 
184.66014, 5.041e-18, 
184.66130, 5.116e-18, 
184.66247, 5.167e-18, 
184.66363, 5.197e-18, 
184.66479, 5.210e-18, 
184.66596, 5.234e-18, 
184.66712, 5.255e-18, 
184.66829, 5.274e-18, 
184.66945, 5.304e-18, 
184.67062, 5.332e-18, 
184.67178, 5.347e-18, 
184.67295, 5.359e-18, 
184.67411, 5.372e-18, 
184.67527, 5.372e-18, 
184.67644, 5.369e-18, 
184.67760, 5.360e-18, 
184.67877, 5.357e-18, 
184.67993, 5.351e-18, 
184.68109, 5.353e-18, 
184.68226, 5.357e-18, 
184.68342, 5.375e-18, 
184.68459, 5.390e-18, 
184.68575, 5.393e-18, 
184.68691, 5.391e-18, 
184.68808, 5.390e-18, 
184.68924, 5.384e-18, 
184.69041, 5.388e-18, 
184.69157, 5.407e-18, 
184.69273, 5.439e-18, 
184.69390, 5.479e-18, 
184.69506, 5.514e-18, 
184.69622, 5.539e-18, 
184.69739, 5.560e-18, 
184.69855, 5.570e-18, 
184.69971, 5.569e-18, 
184.70088, 5.575e-18, 
184.70204, 5.588e-18, 
184.70320, 5.604e-18, 
184.70437, 5.630e-18, 
184.70553, 5.668e-18, 
184.70669, 5.719e-18, 
184.70786, 5.775e-18, 
184.70902, 5.830e-18, 
184.71018, 5.881e-18, 
184.71135, 5.926e-18, 
184.71251, 5.956e-18, 
184.71367, 5.978e-18, 
184.71483, 6.010e-18, 
184.71600, 6.049e-18, 
184.71716, 6.098e-18, 
184.71832, 6.159e-18, 
184.71949, 6.212e-18, 
184.72065, 6.247e-18, 
184.72181, 6.271e-18, 
184.72298, 6.274e-18, 
184.72414, 6.259e-18, 
184.72530, 6.252e-18, 
184.72646, 6.256e-18, 
184.72763, 6.258e-18, 
184.72879, 6.270e-18, 
184.72996, 6.286e-18, 
184.73112, 6.296e-18, 
184.73228, 6.298e-18, 
184.73344, 6.305e-18, 
184.73461, 6.314e-18, 
184.73577, 6.332e-18, 
184.73693, 6.354e-18, 
184.73810, 6.382e-18, 
184.73926, 6.415e-18, 
184.74042, 6.443e-18, 
184.74159, 6.452e-18, 
184.74275, 6.439e-18, 
184.74391, 6.406e-18, 
184.74508, 6.351e-18, 
184.74624, 6.287e-18, 
184.74740, 6.233e-18, 
184.74857, 6.197e-18, 
184.74973, 6.185e-18, 
184.75089, 6.204e-18, 
184.75205, 6.243e-18, 
184.75322, 6.290e-18, 
184.75438, 6.341e-18, 
184.75555, 6.388e-18, 
184.75671, 6.416e-18, 
184.75787, 6.424e-18, 
184.75904, 6.422e-18, 
184.76020, 6.415e-18, 
184.76136, 6.407e-18, 
184.76252, 6.406e-18, 
184.76369, 6.421e-18, 
184.76485, 6.434e-18, 
184.76601, 6.436e-18, 
184.76718, 6.416e-18, 
184.76834, 6.379e-18, 
184.76950, 6.316e-18, 
184.77067, 6.243e-18, 
184.77183, 6.170e-18, 
184.77299, 6.102e-18, 
184.77416, 6.049e-18, 
184.77532, 6.015e-18, 
184.77648, 5.996e-18, 
184.77764, 5.987e-18, 
184.77881, 5.991e-18, 
184.77997, 5.994e-18, 
184.78113, 5.994e-18, 
184.78230, 5.997e-18, 
184.78346, 6.001e-18, 
184.78462, 5.996e-18, 
184.78579, 5.994e-18, 
184.78695, 5.991e-18, 
184.78811, 5.973e-18, 
184.78928, 5.951e-18, 
184.79044, 5.944e-18, 
184.79160, 5.932e-18, 
184.79277, 5.921e-18, 
184.79393, 5.927e-18, 
184.79509, 5.935e-18, 
184.79626, 5.924e-18, 
184.79742, 5.914e-18, 
184.79858, 5.901e-18, 
184.79974, 5.877e-18, 
184.80091, 5.847e-18, 
184.80207, 5.815e-18, 
184.80323, 5.767e-18, 
184.80440, 5.702e-18, 
184.80556, 5.634e-18, 
184.80672, 5.569e-18, 
184.80789, 5.511e-18, 
184.80905, 5.474e-18, 
184.81022, 5.459e-18, 
184.81138, 5.447e-18, 
184.81254, 5.433e-18, 
184.81370, 5.412e-18, 
184.81487, 5.384e-18, 
184.81603, 5.351e-18, 
184.81719, 5.323e-18, 
184.81835, 5.305e-18, 
184.81952, 5.295e-18, 
184.82068, 5.290e-18, 
184.82185, 5.284e-18, 
184.82301, 5.287e-18, 
184.82417, 5.290e-18, 
184.82533, 5.296e-18, 
184.82650, 5.304e-18, 
184.82766, 5.307e-18, 
184.82882, 5.283e-18, 
184.82999, 5.240e-18, 
184.83115, 5.179e-18, 
184.83231, 5.101e-18, 
184.83348, 5.015e-18, 
184.83464, 4.950e-18, 
184.83580, 4.910e-18, 
184.83697, 4.881e-18, 
184.83813, 4.868e-18, 
184.83929, 4.865e-18, 
184.84046, 4.853e-18, 
184.84162, 4.824e-18, 
184.84278, 4.788e-18, 
184.84395, 4.756e-18, 
184.84511, 4.716e-18, 
184.84627, 4.683e-18, 
184.84743, 4.661e-18, 
184.84860, 4.649e-18, 
184.84976, 4.640e-18, 
184.85092, 4.647e-18, 
184.85209, 4.671e-18, 
184.85325, 4.702e-18, 
184.85442, 4.739e-18, 
184.85558, 4.784e-18, 
184.85674, 4.818e-18, 
184.85790, 4.834e-18, 
184.85907, 4.833e-18, 
184.86023, 4.810e-18, 
184.86139, 4.770e-18, 
184.86256, 4.723e-18, 
184.86372, 4.681e-18, 
184.86488, 4.659e-18, 
184.86604, 4.656e-18, 
184.86721, 4.665e-18, 
184.86837, 4.689e-18, 
184.86953, 4.710e-18, 
184.87070, 4.720e-18, 
184.87186, 4.724e-18, 
184.87302, 4.726e-18, 
184.87419, 4.723e-18, 
184.87535, 4.721e-18, 
184.87651, 4.729e-18, 
184.87768, 4.736e-18, 
184.87884, 4.754e-18, 
184.88000, 4.766e-18, 
184.88117, 4.766e-18, 
184.88233, 4.745e-18, 
184.88349, 4.708e-18, 
184.88466, 4.643e-18, 
184.88582, 4.567e-18, 
184.88698, 4.495e-18, 
184.88815, 4.433e-18, 
184.88931, 4.385e-18, 
184.89047, 4.356e-18, 
184.89164, 4.345e-18, 
184.89280, 4.344e-18, 
184.89396, 4.350e-18, 
184.89513, 4.360e-18, 
184.89629, 4.379e-18, 
184.89745, 4.400e-18, 
184.89862, 4.416e-18, 
184.89978, 4.422e-18, 
184.90094, 4.428e-18, 
184.90210, 4.419e-18, 
184.90327, 4.399e-18, 
184.90443, 4.379e-18, 
184.90559, 4.370e-18, 
184.90676, 4.350e-18, 
184.90792, 4.330e-18, 
184.90909, 4.317e-18, 
184.91025, 4.296e-18, 
184.91141, 4.276e-18, 
184.91257, 4.267e-18, 
184.91374, 4.262e-18, 
184.91490, 4.264e-18, 
184.91606, 4.273e-18, 
184.91723, 4.274e-18, 
184.91839, 4.265e-18, 
184.91955, 4.255e-18, 
184.92071, 4.236e-18, 
184.92188, 4.210e-18, 
184.92304, 4.188e-18, 
184.92421, 4.170e-18, 
184.92537, 4.147e-18, 
184.92653, 4.126e-18, 
184.92769, 4.110e-18, 
184.92886, 4.096e-18, 
184.93002, 4.081e-18, 
184.93118, 4.071e-18, 
184.93235, 4.059e-18, 
184.93351, 4.037e-18, 
184.93467, 4.010e-18, 
184.93584, 3.975e-18, 
184.93700, 3.936e-18, 
184.93816, 3.896e-18, 
184.93933, 3.862e-18, 
184.94049, 3.830e-18, 
184.94165, 3.806e-18, 
184.94281, 3.785e-18, 
184.94398, 3.767e-18, 
184.94514, 3.750e-18, 
184.94631, 3.729e-18, 
184.94747, 3.702e-18, 
184.94863, 3.670e-18, 
184.94980, 3.643e-18, 
184.95096, 3.621e-18, 
184.95212, 3.613e-18, 
184.95328, 3.613e-18, 
184.95445, 3.628e-18, 
184.95561, 3.636e-18, 
184.95677, 3.631e-18, 
184.95794, 3.612e-18, 
184.95910, 3.578e-18, 
184.96026, 3.539e-18, 
184.96143, 3.508e-18, 
184.96259, 3.490e-18, 
184.96375, 3.486e-18, 
184.96492, 3.498e-18, 
184.96608, 3.505e-18, 
184.96724, 3.508e-18, 
184.96841, 3.510e-18, 
184.96957, 3.514e-18, 
184.97073, 3.521e-18, 
184.97190, 3.544e-18, 
184.97306, 3.573e-18, 
184.97422, 3.604e-18, 
184.97539, 3.625e-18, 
184.97655, 3.633e-18, 
184.97771, 3.624e-18, 
184.97887, 3.610e-18, 
184.98004, 3.594e-18, 
184.98120, 3.581e-18, 
184.98236, 3.572e-18, 
184.98353, 3.564e-18, 
184.98469, 3.548e-18, 
184.98585, 3.519e-18, 
184.98702, 3.479e-18, 
184.98818, 3.430e-18, 
184.98934, 3.379e-18, 
184.99051, 3.336e-18, 
184.99167, 3.310e-18, 
184.99283, 3.295e-18, 
184.99399, 3.301e-18, 
184.99516, 3.319e-18, 
184.99632, 3.345e-18, 
184.99748, 3.378e-18, 
184.99865, 3.416e-18, 
184.99981, 3.449e-18, 
185.00098, 3.481e-18, 
185.00214, 3.511e-18, 
185.00330, 3.538e-18, 
185.00446, 3.563e-18, 
185.00563, 3.579e-18, 
185.00679, 3.585e-18, 
185.00795, 3.576e-18, 
185.00911, 3.554e-18, 
185.01028, 3.521e-18, 
185.01144, 3.498e-18, 
185.01261, 3.492e-18, 
185.01377, 3.511e-18, 
185.01493, 3.551e-18, 
185.01609, 3.616e-18, 
185.01726, 3.686e-18, 
185.01842, 3.745e-18, 
185.01959, 3.785e-18, 
185.02075, 3.810e-18, 
185.02191, 3.807e-18, 
185.02307, 3.787e-18, 
185.02424, 3.764e-18, 
185.02540, 3.748e-18, 
185.02656, 3.732e-18, 
185.02773, 3.724e-18, 
185.02889, 3.726e-18, 
185.03005, 3.723e-18, 
185.03122, 3.714e-18, 
185.03238, 3.708e-18, 
185.03354, 3.716e-18, 
185.03471, 3.729e-18, 
185.03587, 3.754e-18, 
185.03703, 3.791e-18, 
185.03820, 3.825e-18, 
185.03936, 3.847e-18, 
185.04052, 3.867e-18, 
185.04169, 3.879e-18, 
185.04285, 3.883e-18, 
185.04401, 3.883e-18, 
185.04517, 3.881e-18, 
185.04634, 3.870e-18, 
185.04750, 3.853e-18, 
185.04866, 3.839e-18, 
185.04983, 3.825e-18, 
185.05099, 3.810e-18, 
185.05215, 3.803e-18, 
185.05332, 3.796e-18, 
185.05448, 3.778e-18, 
185.05564, 3.763e-18, 
185.05681, 3.756e-18, 
185.05797, 3.744e-18, 
185.05913, 3.739e-18, 
185.06030, 3.745e-18, 
185.06146, 3.748e-18, 
185.06262, 3.741e-18, 
185.06379, 3.739e-18, 
185.06495, 3.733e-18, 
185.06611, 3.721e-18, 
185.06727, 3.713e-18, 
185.06844, 3.714e-18, 
185.06960, 3.710e-18, 
185.07076, 3.707e-18, 
185.07193, 3.705e-18, 
185.07309, 3.704e-18, 
185.07425, 3.704e-18, 
185.07542, 3.716e-18, 
185.07658, 3.732e-18, 
185.07774, 3.751e-18, 
185.07891, 3.767e-18, 
185.08007, 3.775e-18, 
185.08123, 3.770e-18, 
185.08240, 3.766e-18, 
185.08356, 3.763e-18, 
185.08472, 3.770e-18, 
185.08589, 3.793e-18, 
185.08705, 3.824e-18, 
185.08821, 3.858e-18, 
185.08937, 3.896e-18, 
185.09054, 3.930e-18, 
185.09170, 3.961e-18, 
185.09286, 3.987e-18, 
185.09403, 4.006e-18, 
185.09519, 4.015e-18, 
185.09635, 4.018e-18, 
185.09752, 4.018e-18, 
185.09868, 4.022e-18, 
185.09984, 4.034e-18, 
185.10101, 4.052e-18, 
185.10217, 4.079e-18, 
185.10333, 4.114e-18, 
185.10450, 4.151e-18, 
185.10566, 4.193e-18, 
185.10682, 4.236e-18, 
185.10798, 4.276e-18, 
185.10915, 4.305e-18, 
185.11031, 4.333e-18, 
185.11148, 4.354e-18, 
185.11264, 4.372e-18, 
185.11380, 4.391e-18, 
185.11496, 4.416e-18, 
185.11613, 4.437e-18, 
185.11729, 4.456e-18, 
185.11845, 4.471e-18, 
185.11962, 4.476e-18, 
185.12078, 4.474e-18, 
185.12194, 4.473e-18, 
185.12311, 4.470e-18, 
185.12427, 4.473e-18, 
185.12543, 4.487e-18, 
185.12660, 4.511e-18, 
185.12776, 4.535e-18, 
185.12892, 4.557e-18, 
185.13008, 4.575e-18, 
185.13125, 4.573e-18, 
185.13241, 4.554e-18, 
185.13357, 4.538e-18, 
185.13474, 4.523e-18, 
185.13590, 4.508e-18, 
185.13706, 4.510e-18, 
185.13823, 4.523e-18, 
185.13939, 4.532e-18, 
185.14056, 4.545e-18, 
185.14172, 4.557e-18, 
185.14288, 4.561e-18, 
185.14405, 4.563e-18, 
185.14521, 4.561e-18, 
185.14637, 4.548e-18, 
185.14754, 4.536e-18, 
185.14870, 4.530e-18, 
185.14986, 4.521e-18, 
185.15102, 4.513e-18, 
185.15219, 4.514e-18, 
185.15335, 4.513e-18, 
185.15451, 4.514e-18, 
185.15568, 4.520e-18, 
185.15684, 4.541e-18, 
185.15800, 4.560e-18, 
185.15916, 4.582e-18, 
185.16033, 4.604e-18, 
185.16149, 4.625e-18, 
185.16265, 4.633e-18, 
185.16382, 4.631e-18, 
185.16498, 4.622e-18, 
185.16614, 4.610e-18, 
185.16731, 4.591e-18, 
185.16847, 4.570e-18, 
185.16963, 4.561e-18, 
185.17080, 4.551e-18, 
185.17196, 4.539e-18, 
185.17312, 4.527e-18, 
185.17429, 4.520e-18, 
185.17545, 4.502e-18, 
185.17661, 4.492e-18, 
185.17777, 4.492e-18, 
185.17894, 4.499e-18, 
185.18010, 4.508e-18, 
185.18127, 4.527e-18, 
185.18243, 4.542e-18, 
185.18359, 4.542e-18, 
185.18476, 4.524e-18