238.9581, 3.625116E-20, 
239.0867, 3.565769E-20, 
239.2152, 3.429800E-20, 
239.3437, 3.473330E-20, 
239.4721, 3.745658E-20, 
239.6005, 4.108403E-20, 
239.7288, 4.330026E-20, 
239.8570, 4.337401E-20, 
239.9852, 4.531323E-20, 
240.1133, 5.021620E-20, 
240.2414, 5.268281E-20, 
240.3694, 4.950086E-20, 
240.4973, 4.465217E-20, 
240.6252, 4.211005E-20, 
240.7530, 4.090324E-20, 
240.8808, 4.130765E-20, 
241.0084, 4.403231E-20, 
241.1361, 4.629943E-20, 
241.2636, 4.563673E-20, 
241.3911, 4.490933E-20, 
241.5185, 4.610319E-20, 
241.6459, 4.775108E-20, 
241.7732, 4.873188E-20, 
241.9005, 4.828928E-20, 
242.0277, 4.719354E-20, 
242.1548, 4.613536E-20, 
242.2818, 4.569603E-20, 
242.4088, 4.772809E-20, 
242.5358, 5.115453E-20, 
242.6626, 5.185253E-20, 
242.7894, 5.104925E-20, 
242.9162, 5.008454E-20, 
243.0429, 4.743952E-20, 
243.1695, 4.468709E-20, 
243.2960, 4.449375E-20, 
243.4225, 4.867170E-20, 
243.5489, 5.461928E-20, 
243.6753, 5.844232E-20, 
243.8016, 6.015240E-20, 
243.9278, 6.027954E-20, 
244.0540, 5.956684E-20, 
244.1801, 5.984699E-20, 
244.3062, 5.946709E-20, 
244.4322, 5.988933E-20, 
244.5581, 6.142955E-20, 
244.6839, 6.281085E-20, 
244.8097, 6.599168E-20, 
244.9355, 6.918055E-20, 
245.0611, 6.793003E-20, 
245.1867, 6.726745E-20, 
245.3123, 7.735994E-20, 
245.4377, 8.953801E-20, 
245.5632, 8.782127E-20, 
245.6885, 7.662601E-20, 
245.8138, 6.406012E-20, 
245.9390, 5.651842E-20, 
246.0642, 5.680788E-20, 
246.1893, 6.239741E-20, 
246.3143, 7.254065E-20, 
246.4393, 7.833784E-20, 
246.5642, 7.434884E-20, 
246.6890, 7.066122E-20, 
246.8138, 7.210094E-20, 
246.9385, 7.791585E-20, 
247.0632, 8.239996E-20, 
247.1878, 8.002983E-20, 
247.3123, 7.484382E-20, 
247.4367, 7.351290E-20, 
247.5611, 7.668066E-20, 
247.6855, 8.316467E-20, 
247.8098, 9.042068E-20, 
247.9340, 9.325904E-20, 
248.0581, 9.037697E-20, 
248.1822, 8.553305E-20, 
248.3062, 8.536219E-20, 
248.4302, 8.886978E-20, 
248.5541, 8.979228E-20, 
248.6779, 8.605253E-20, 
248.8017, 8.286341E-20, 
248.9254, 8.341782E-20, 
249.0490, 8.821764E-20, 
249.1726, 9.509751E-20, 
249.2961, 9.290502E-20, 
249.4196, 9.071340E-20, 
249.5430, 1.061870E-19, 
249.6663, 1.261413E-19, 
249.7896, 1.257946E-19, 
249.9128, 1.112934E-19, 
250.0359, 1.004643E-19, 
250.1590, 1.008878E-19, 
250.2820, 1.125708E-19, 
250.4050, 1.208747E-19, 
250.5279, 1.135885E-19, 
250.6507, 1.026724E-19, 
250.7735, 9.977447E-20, 
250.8962, 1.025410E-19, 
251.0189, 1.133691E-19, 
251.1414, 1.354794E-19, 
251.2640, 1.496090E-19, 
251.3864, 1.416730E-19, 
251.5088, 1.275069E-19, 
251.6312, 1.205383E-19, 
251.7535, 1.197852E-19, 
251.8757, 1.201520E-19, 
251.9978, 1.166343E-19, 
252.1199, 1.164894E-19, 
252.2420, 1.225714E-19, 
252.3639, 1.310170E-19, 
252.4858, 1.320409E-19, 
252.6077, 1.274303E-19, 
252.7295, 1.229447E-19, 
252.8512, 1.176386E-19, 
252.9729, 1.196456E-19, 
253.0945, 1.303173E-19, 
253.2160, 1.375787E-19, 
253.3375, 1.411805E-19, 
253.4590, 1.477786E-19, 
253.5803, 1.548365E-19, 
253.7016, 1.623127E-19, 
253.8229, 1.663630E-19, 
253.9441, 1.607059E-19, 
254.0652, 1.531216E-19, 
254.1863, 1.505738E-19, 
254.3073, 1.518163E-19, 
254.4282, 1.558402E-19, 
254.5491, 1.613278E-19, 
254.6699, 1.628215E-19, 
254.7907, 1.578089E-19, 
254.9114, 1.580765E-19, 
255.0321, 1.607046E-19, 
255.1527, 1.614823E-19, 
255.2732, 1.784411E-19, 
255.3937, 2.095207E-19, 
255.5141, 2.225196E-19, 
255.6345, 2.165786E-19, 
255.7548, 2.139529E-19, 
255.8750, 2.153964E-19, 
255.9952, 2.025407E-19, 
256.1153, 1.827979E-19, 
256.2354, 1.656896E-19, 
256.3554, 1.548829E-19, 
256.4754, 1.481404E-19, 
256.5953, 1.440976E-19, 
256.7151, 1.516103E-19, 
256.8349, 1.801760E-19, 
256.9546, 1.999376E-19, 
257.0743, 1.877515E-19, 
257.1939, 1.818067E-19, 
257.3135, 2.186377E-19, 
257.4330, 2.630969E-19, 
257.5524, 2.648582E-19, 
257.6718, 2.439948E-19, 
257.7911, 2.122883E-19, 
257.9104, 1.855065E-19, 
258.0296, 1.846937E-19, 
258.1488, 2.177984E-19, 
258.2679, 2.523467E-19, 
258.3869, 2.561558E-19, 
258.5059, 2.460840E-19, 
258.6249, 2.299770E-19, 
258.7438, 2.107519E-19, 
258.8626, 1.969074E-19, 
258.9814, 2.062317E-19, 
259.1001, 2.362271E-19, 
259.2188, 2.476393E-19, 
259.3374, 2.417372E-19, 
259.4559, 2.411367E-19, 
259.5745, 2.500879E-19, 
259.6929, 2.559812E-19, 
259.8113, 2.633205E-19, 
259.9296, 2.729174E-19, 
260.0479, 2.646660E-19, 
260.1662, 2.542073E-19, 
260.2844, 2.590842E-19, 
260.4025, 2.598229E-19, 
260.5206, 2.541105E-19, 
260.6386, 2.700304E-19, 
260.7566, 2.879490E-19, 
260.8745, 2.768056E-19, 
260.9924, 2.652250E-19, 
261.1102, 2.805318E-19, 
261.2279, 3.187057E-19, 
261.3457, 3.516371E-19, 
261.4633, 3.522100E-19, 
261.5809, 3.260488E-19, 
261.6985, 2.992507E-19, 
261.8160, 2.942619E-19, 
261.9334, 3.174544E-19, 
262.0509, 3.454008E-19, 
262.1682, 3.470328E-19, 
262.2855, 3.367098E-19, 
262.4028, 3.202472E-19, 
262.5200, 2.989253E-19, 
262.6371, 2.938385E-19, 
262.7542, 3.041879E-19, 
262.8713, 3.081314E-19, 
262.9883, 2.962142E-19, 
263.1052, 2.992381E-19, 
263.2221, 3.085711E-19, 
263.3390, 2.935182E-19, 
263.4558, 2.641057E-19, 
263.5726, 2.607426E-19, 
263.6893, 3.150587E-19, 
263.8059, 3.727392E-19, 
263.9226, 3.583282E-19, 
264.0391, 3.249068E-19, 
264.1556, 3.252850E-19, 
264.2721, 3.558156E-19, 
264.3885, 3.810320E-19, 
264.5049, 3.870660E-19, 
264.6212, 4.142901E-19, 
264.7375, 4.472767E-19, 
264.8538, 4.245666E-19, 
264.9699, 3.847306E-19, 
265.0861, 3.627843E-19, 
265.2022, 3.711562E-19, 
265.3182, 4.171959E-19, 
265.4342, 4.407967E-19, 
265.5502, 4.031969E-19, 
265.6661, 3.509298E-19, 
265.7820, 3.265614E-19, 
265.8978, 3.574877E-19, 
266.0136, 4.266470E-19, 
266.1293, 4.617606E-19, 
266.2450, 4.555532E-19, 
266.3606, 4.524313E-19, 
266.4762, 4.445820E-19, 
266.5918, 4.140162E-19, 
266.7073, 3.918362E-19, 
266.8228, 4.188881E-19, 
266.9382, 4.945664E-19, 
267.0536, 5.155227E-19, 
267.1689, 4.603724E-19, 
267.2842, 4.154446E-19, 
267.3994, 3.944694E-19, 
267.5146, 3.857670E-19, 
267.6298, 4.250917E-19, 
267.7449, 4.735912E-19, 
267.8600, 4.582907E-19, 
267.9750, 4.098000E-19, 
268.0900, 3.772480E-19, 
268.2050, 3.882721E-19, 
268.3199, 4.652607E-19, 
268.4348, 5.621754E-19, 
268.5496, 6.304679E-19, 
268.6644, 6.476214E-19, 
268.7792, 5.851896E-19, 
268.8939, 4.941505E-19, 
269.0085, 4.331823E-19, 
269.1232, 4.207864E-19, 
269.2378, 4.499099E-19, 
269.3523, 5.010916E-19, 
269.4668, 4.972197E-19, 
269.5813, 4.420455E-19, 
269.6957, 4.186708E-19, 
269.8101, 4.485519E-19, 
269.9245, 4.854306E-19, 
270.0388, 5.209399E-19, 
270.1531, 5.652898E-19, 
270.2673, 5.729055E-19, 
270.3815, 5.347504E-19, 
270.4957, 5.007662E-19, 
270.6098, 5.066821E-19, 
270.7239, 5.099033E-19, 
270.8379, 4.730447E-19, 
270.9519, 4.495443E-19, 
271.0659, 4.900248E-19, 
271.1799, 5.528511E-19, 
271.2938, 5.748791E-19, 
271.4076, 5.662270E-19, 
271.5215, 5.745361E-19, 
271.6353, 5.921796E-19, 
271.7490, 6.024850E-19, 
271.8628, 6.137993E-19, 
271.9764, 6.110643E-19, 
272.0901, 5.992714E-19, 
272.2037, 5.969737E-19, 
272.3173, 6.182755E-19, 
272.4309, 6.147729E-19, 
272.5444, 5.881921E-19, 
272.6579, 5.933656E-19, 
272.7713, 6.190695E-19, 
272.8847, 6.175066E-19, 
272.9981, 6.044687E-19, 
273.1115, 5.943141E-19, 
273.2248, 6.010654E-19, 
273.3381, 6.554921E-19, 
273.4513, 7.392157E-19, 
273.5645, 7.625389E-19, 
273.6777, 7.141299E-19, 
273.7909, 6.772952E-19, 
273.9040, 6.522483E-19, 
274.0171, 5.953543E-19, 
274.1301, 5.269563E-19, 
274.2431, 4.900198E-19, 
274.3561, 5.006644E-19, 
274.4691, 5.536979E-19, 
274.5820, 6.264942E-19, 
274.6949, 6.930165E-19, 
274.8078, 7.175156E-19, 
274.9207, 7.042064E-19, 
275.0335, 6.828719E-19, 
275.1462, 6.888356E-19, 
275.2590, 6.878494E-19, 
275.3717, 6.685576E-19, 
275.4844, 6.667976E-19, 
275.5971, 6.404982E-19, 
275.7097, 6.110505E-19, 
275.8223, 6.271512E-19, 
275.9349, 6.259075E-19, 
276.0474, 5.982727E-19, 
276.1600, 5.932864E-19, 
276.2725, 6.201926E-19, 
276.3849, 6.990945E-19, 
276.4974, 7.808281E-19, 
276.6098, 7.850795E-19, 
276.7222, 7.421655E-19, 
276.8345, 6.890278E-19, 
276.9468, 6.431992E-19, 
277.0591, 6.518262E-19, 
277.1714, 7.334129E-19, 
277.2837, 7.614196E-19, 
277.3959, 6.949651E-19, 
277.5081, 6.399919E-19, 
277.6203, 6.258648E-19, 
277.7324, 6.812651E-19, 
277.8445, 7.841598E-19, 
277.9566, 8.482236E-19, 
278.0687, 8.651950E-19, 
278.1807, 8.433554E-19, 
278.2928, 7.747288E-19, 
278.4048, 6.923607E-19, 
278.5167, 6.266902E-19, 
278.6287, 5.704469E-19, 
278.7406, 5.731668E-19, 
278.8525, 6.912841E-19, 
278.9644, 8.475527E-19, 
279.0762, 9.124419E-19, 
279.1881, 8.398906E-19, 
279.2999, 7.198360E-19, 
279.4117, 6.247354E-19, 
279.5234, 5.803654E-19, 
279.6352, 6.669672E-19, 
279.7469, 8.912280E-19, 
279.8586, 1.033385E-18, 
279.9703, 9.843739E-19, 
280.0819, 8.825068E-19, 
280.1935, 8.289582E-19, 
280.3052, 7.873019E-19, 
280.4167, 7.282042E-19, 
280.5283, 6.996096E-19, 
280.6399, 6.998759E-19, 
280.7514, 6.885341E-19, 
280.8629, 6.479694E-19, 
280.9744, 6.337405E-19, 
281.0858, 6.887539E-19, 
281.1973, 7.521267E-19, 
281.3087, 7.860908E-19, 
281.4201, 8.578720E-19, 
281.5315, 9.451673E-19, 
281.6429, 9.519827E-19, 
281.7542, 9.331457E-19, 
281.8656, 9.390340E-19, 
281.9769, 8.956313E-19, 
282.0882, 8.413240E-19, 
282.1994, 7.895582E-19, 
282.3107, 7.144603E-19, 
282.4219, 6.497697E-19, 
282.5331, 6.391439E-19, 
282.6443, 6.436339E-19, 
282.7555, 6.201486E-19, 
282.8667, 5.867097E-19, 
282.9778, 5.914057E-19, 
283.0890, 7.420273E-19, 
283.2001, 9.673824E-19, 
283.3112, 1.037806E-18, 
283.4223, 9.704201E-19, 
283.5333, 9.061491E-19, 
283.6444, 8.558192E-19, 
283.7554, 7.973158E-19, 
283.8664, 7.624598E-19, 
283.9774, 7.218612E-19, 
284.0884, 6.673315E-19, 
284.1994, 6.448600E-19, 
284.3104, 6.760552E-19, 
284.4213, 7.342797E-19, 
284.5322, 7.396743E-19, 
284.6431, 7.273952E-19, 
284.7540, 7.753469E-19, 
284.8649, 8.416808E-19, 
284.9758, 8.571471E-19, 
285.0866, 8.951590E-19, 
285.1975, 1.018185E-18, 
285.3083, 1.098610E-18, 
285.4191, 1.049119E-18, 
285.5299, 9.429248E-19, 
285.6407, 8.515817E-19, 
285.7515, 7.854501E-19, 
285.8622, 7.514697E-19, 
285.9730, 7.086110E-19, 
286.0837, 6.615563E-19, 
286.1944, 6.405773E-19, 
286.3051, 6.146397E-19, 
286.4158, 6.013958E-19, 
286.5265, 6.738517E-19, 
286.6372, 8.502073E-19, 
286.7478, 1.019768E-18, 
286.8585, 1.077820E-18, 
286.9691, 1.059627E-18, 
287.0797, 1.024425E-18, 
287.1903, 9.618471E-19, 
287.3009, 8.681963E-19, 
287.4115, 8.227974E-19, 
287.5221, 8.033913E-19, 
287.6327, 7.621746E-19, 
287.7432, 7.216464E-19, 
287.8538, 7.018420E-19, 
287.9643, 6.801596E-19, 
288.0748, 6.731130E-19, 
288.1853, 6.672347E-19, 
288.2958, 6.406514E-19, 
288.4063, 6.485146E-19, 
288.5168, 7.054790E-19, 
288.6273, 8.203011E-19, 
288.7377, 9.946831E-19, 
288.8482, 1.101333E-18, 
288.9586, 1.065515E-18, 
289.0691, 9.621813E-19, 
289.1795, 8.629613E-19, 
289.2899, 7.427183E-19, 
289.4003, 6.323511E-19, 
289.5107, 5.837637E-19, 
289.6211, 5.901645E-19, 
289.7315, 6.426753E-19, 
289.8419, 6.780553E-19, 
289.9522, 7.048006E-19, 
290.0626, 7.902805E-19, 
290.1729, 8.852443E-19, 
290.2833, 8.655957E-19, 
290.3936, 8.109630E-19, 
290.5039, 8.201893E-19, 
290.6142, 9.032282E-19, 
290.7245, 1.028087E-18, 
290.8348, 1.023472E-18, 
290.9451, 8.802794E-19, 
291.0554, 7.658166E-19, 
291.1657, 7.035016E-19, 
291.2760, 6.433324E-19, 
291.3862, 5.847926E-19, 
291.4965, 5.354250E-19, 
291.6067, 5.217778E-19, 
291.7170, 5.799181E-19, 
291.8272, 6.928005E-19, 
291.9374, 7.751421E-19, 
292.0476, 7.914627E-19, 
292.1579, 8.645630E-19, 
292.2681, 9.828437E-19, 
292.3783, 1.026550E-18, 
292.4885, 1.022928E-18, 
292.5987, 9.783022E-19, 
292.7088, 8.861249E-19, 
292.8190, 7.927253E-19, 
292.9292, 7.004551E-19, 
293.0393, 6.235683E-19, 
293.1495, 5.623362E-19, 
293.2597, 5.042763E-19, 
293.3698, 4.637807E-19, 
293.4800, 4.674403E-19, 
293.5901, 4.998742E-19, 
293.7002, 5.726517E-19, 
293.8103, 7.616570E-19, 
293.9205, 9.642052E-19, 
294.0306, 1.014958E-18, 
294.1407, 9.587994E-19, 
294.2508, 9.051717E-19, 
294.3609, 9.247712E-19, 
294.4710, 9.728096E-19, 
294.5811, 9.718787E-19, 
294.6912, 8.755243E-19, 
294.8013, 7.260811E-19, 
294.9113, 6.118872E-19, 
295.0214, 5.391399E-19, 
295.1315, 4.801415E-19, 
295.2415, 4.201959E-19, 
295.3516, 3.751274E-19, 
295.4616, 3.629802E-19, 
295.5717, 3.876502E-19, 
295.6817, 4.569276E-19, 
295.7918, 5.985013E-19, 
295.9018, 7.958510E-19, 
296.0118, 9.666538E-19, 
296.1219, 1.074373E-18, 
296.2319, 1.132510E-18, 
296.3419, 1.073996E-18, 
296.4519, 9.195098E-19, 
296.5619, 7.532800E-19, 
296.6719, 6.207893E-19, 
296.7819, 5.377467E-19, 
296.8919, 5.018014E-19, 
297.0019, 4.775510E-19, 
297.1119, 4.110350E-19, 
297.2219, 3.349497E-19, 
297.3319, 2.850293E-19, 
297.4419, 2.597727E-19, 
297.5518, 2.753847E-19, 
297.6618, 3.408606E-19, 
297.7718, 4.789179E-19, 
297.8817, 7.354606E-19, 
297.9917, 1.009972E-18, 
298.1016, 1.114892E-18, 
298.2116, 1.058738E-18, 
298.3215, 9.768964E-19, 
298.4315, 9.079783E-19, 
298.5414, 8.099278E-19, 
298.6513, 6.846408E-19, 
298.7613, 5.665260E-19, 
298.8712, 4.764719E-19, 
298.9811, 4.092925E-19, 
299.0910, 3.531987E-19, 
299.2010, 3.045924E-19, 
299.3109, 2.627313E-19, 
299.4208, 2.427674E-19, 
299.5307, 2.463994E-19, 
299.6406, 2.557940E-19, 
299.7505, 2.818760E-19, 
299.8604, 4.111405E-19, 
299.9703, 7.447711E-19, 
300.0801, 1.154750E-18, 
300.1900, 1.231278E-18, 
300.2999, 1.049792E-18, 
300.4098, 8.833900E-19, 
300.5196, 7.425738E-19, 
300.6295, 6.101435E-19, 
300.7393, 4.955563E-19, 
300.8492, 4.059671E-19, 
300.9591, 3.454436E-19, 
301.0689, 3.001313E-19, 
301.1787, 2.588845E-19, 
301.2886, 2.215083E-19, 
301.3984, 1.920732E-19, 
301.5082, 1.747601E-19, 
301.6181, 1.801572E-19, 
301.7279, 2.309645E-19, 
301.8377, 3.484210E-19, 
301.9475, 5.670096E-19, 
302.0573, 8.324859E-19, 
302.1671, 9.912433E-19, 
302.2769, 9.878714E-19, 
302.3867, 9.013827E-19, 
302.4965, 7.843081E-19, 
302.6063, 6.375094E-19, 
302.7160, 5.077764E-19, 
302.8258, 4.155979E-19, 
302.9356, 3.467627E-19, 
303.0453, 2.887266E-19, 
303.1551, 2.401581E-19, 
303.2648, 2.046023E-19, 
303.3746, 1.803632E-19, 
303.4843, 1.668693E-19, 
303.5940, 1.696947E-19, 
303.7038, 1.821447E-19, 
303.8135, 1.984426E-19, 
303.9232, 2.401091E-19, 
304.0329, 3.640707E-19, 
304.1426, 6.055592E-19, 
304.2523, 8.760795E-19, 
304.3620, 8.846990E-19, 
304.4717, 7.598303E-19, 
304.5814, 6.445686E-19, 
304.6910, 5.259425E-19, 
304.8007, 4.137448E-19, 
304.9104, 3.333705E-19, 
305.0200, 2.799928E-19, 
305.1296, 2.389231E-19, 
305.2393, 2.003384E-19, 
305.3489, 1.679384E-19, 
305.4585, 1.441604E-19, 
305.5681, 1.334630E-19, 
305.6777, 1.384028E-19, 
305.7873, 1.507987E-19, 
305.8969, 1.824725E-19, 
306.0065, 2.565226E-19, 
306.1161, 3.554739E-19, 
306.2257, 4.576123E-19, 
306.3352, 5.644041E-19, 
306.4448, 6.781055E-19, 
306.5543, 7.228097E-19, 
306.6638, 6.339214E-19, 
306.7734, 4.969257E-19, 
306.8829, 3.866489E-19, 
306.9924, 3.126240E-19, 
307.1019, 2.676623E-19, 
307.2114, 2.378088E-19, 
307.3208, 2.013987E-19, 
307.4303, 1.717563E-19, 
307.5398, 1.608768E-19, 
307.6492, 1.637022E-19, 
307.7586, 1.685628E-19, 
307.8681, 1.664409E-19, 
307.9775, 1.620815E-19, 
308.0869, 1.772916E-19, 
308.1963, 2.247194E-19, 
308.3056, 2.568731E-19, 
308.4150, 3.161152E-19, 
308.5244, 4.479313E-19, 
308.6337, 5.726957E-19, 
308.7431, 5.662584E-19, 
308.8524, 4.759342E-19, 
308.9617, 3.816866E-19, 
309.0710, 3.001326E-19, 
309.1803, 2.447084E-19, 
309.2895, 2.052166E-19, 
309.3988, 1.726131E-19, 
309.5081, 1.477446E-19, 
309.6173, 1.402106E-19, 
309.7265, 1.489155E-19, 
309.8357, 1.542925E-19, 
309.9449, 1.478439E-19, 
310.0541, 1.496743E-19, 
310.1632, 1.663505E-19, 
310.2724, 1.750868E-19, 
310.3815, 1.775755E-19, 
310.4906, 1.994313E-19, 
310.5997, 2.744488E-19, 
310.7088, 3.636838E-19, 
310.8179, 3.768196E-19, 
310.9270, 3.145210E-19, 
311.0360, 2.696145E-19, 
311.1450, 2.492650E-19, 
311.2540, 2.263488E-19, 
311.3630, 2.012919E-19, 
311.4720, 1.658366E-19, 
311.5809, 1.334216E-19, 
311.6899, 1.116734E-19, 
311.7988, 1.026702E-19, 
311.9077, 1.043400E-19, 
312.0166, 1.178296E-19, 
312.1254, 1.295195E-19, 
312.2343, 1.260873E-19, 
312.3431, 1.206329E-19, 
312.4519, 1.217644E-19, 
312.5607, 1.342595E-19, 
312.6694, 1.415059E-19, 
312.7782, 1.404129E-19, 
312.8619, 1.583013E-19, 
312.9764, 2.052606E-19, 
313.0910, 2.494886E-19, 
313.2055, 2.498316E-19, 
313.3201, 2.149127E-19, 
313.4346, 1.748996E-19, 
313.5491, 1.379530E-19, 
313.6635, 1.139215E-19, 
313.7780, 1.078284E-19, 
313.8924, 1.083166E-19, 
314.0068, 9.675533E-20, 
314.1211, 8.106929E-20, 
314.2355, 7.161262E-20, 
314.3498, 7.137103E-20, 
314.4641, 8.099140E-20, 
314.5784, 9.544551E-20, 
314.6927, 1.052380E-19, 
314.8069, 1.092298E-19, 
314.9212, 1.035881E-19, 
315.0354, 9.902885E-20, 
315.1496, 1.108318E-19, 
315.2637, 1.312758E-19, 
315.3779, 1.350397E-19, 
315.4920, 1.250017E-19, 
315.6061, 1.231904E-19, 
315.7202, 1.333399E-19, 
315.8342, 1.304115E-19, 
315.9482, 1.086002E-19, 
316.0622, 8.601384E-20, 
316.1762, 7.100922E-20, 
316.2902, 6.233823E-20, 
316.4041, 5.946168E-20, 
316.5181, 6.386326E-20, 
316.6320, 7.543566E-20, 
316.7458, 8.370174E-20, 
316.8597, 8.495892E-20, 
316.9735, 8.376481E-20, 
317.0873, 8.632464E-20, 
317.2011, 9.249848E-20, 
317.3149, 9.120700E-20, 
317.4286, 7.965746E-20, 
317.5424, 6.910441E-20, 
317.6561, 6.510084E-20, 
317.7697, 6.530260E-20, 
317.8834, 6.916220E-20, 
317.9970, 8.099014E-20, 
318.1106, 9.309321E-20, 
318.2242, 8.972658E-20, 
318.3378, 7.792716E-20, 
318.4513, 6.797211E-20, 
318.5649, 5.651064E-20, 
318.6784, 4.483069E-20, 
318.7918, 3.609790E-20, 
318.9053, 3.143828E-20, 
319.0187, 3.079543E-20, 
319.1321, 3.256041E-20, 
319.2455, 3.476484E-20, 
319.3589, 3.927583E-20, 
319.4722, 4.794254E-20, 
319.5855, 5.690863E-20, 
319.6988, 5.974222E-20, 
319.8121, 5.931030E-20, 
319.9253, 5.482644E-20, 
320.0386, 4.670044E-20, 
320.1518, 3.903563E-20, 
320.2650, 3.284961E-20, 
320.3781, 2.881889E-20, 
320.4912, 2.704236E-20, 
320.6044, 2.663507E-20, 
320.7174, 2.804162E-20, 
320.8305, 3.137735E-20, 
320.9436, 3.716462E-20, 
321.0566, 4.149484E-20, 
321.1696, 3.760520E-20, 
321.2825, 3.024655E-20, 
321.3955, 2.434031E-20, 
321.5084, 1.956913E-20, 
321.6213, 1.640891E-20, 
321.7342, 1.486655E-20, 
321.8471, 1.483791E-20, 
321.9599, 1.608780E-20, 
322.0727, 1.849449E-20, 
322.1855, 2.133135E-20, 
322.2983, 2.181703E-20, 
322.4110, 2.130496E-20, 
322.5237, 2.393855E-20, 
322.6364, 2.841047E-20, 
322.7491, 2.770142E-20, 
322.8618, 2.192759E-20, 
322.9744, 1.658969E-20, 
323.0870, 1.287996E-20, 
323.1996, 1.022768E-20, 
323.3121, 8.715770E-21, 
323.4247, 7.772552E-21, 
323.5372, 7.371265E-21, 
323.6497, 7.492749E-21, 
323.7621, 8.516043E-21, 
323.8746, 1.067434E-20, 
323.9870, 1.319253E-20, 
324.0994, 1.503037E-20, 
324.2118, 1.512535E-20, 
324.3241, 1.296941E-20, 
324.4365, 1.029248E-20, 
324.5488, 8.475892E-21, 
324.6610, 7.383489E-21, 
324.7733, 6.822098E-21, 
324.8855, 6.895655E-21, 
324.9978, 7.610464E-21, 
325.1099, 9.467188E-21, 
325.2221, 1.096369E-20, 
325.3343, 9.989658E-21, 
325.4464, 8.343088E-21, 
325.5585, 7.478716E-21, 
325.6705, 7.330033E-21, 
325.7826, 8.040106E-21, 
325.8946, 8.651422E-21, 
326.0066, 7.992153E-21, 
326.1186, 6.539531E-21, 
326.2306, 5.231484E-21, 
326.3425, 4.247902E-21, 
326.4544, 3.599852E-21, 
326.5663, 3.090925E-21, 
326.6782, 2.786021E-21, 
326.7900, 2.795820E-21, 
326.9018, 2.884867E-21, 
327.0136, 3.234294E-21, 
327.1254, 3.999293E-21, 
327.2372, 4.997888E-21, 
327.3489, 5.879032E-21, 
327.4606, 5.418937E-21, 
327.5723, 4.290327E-21, 
327.6840, 3.541497E-21, 
327.7956, 3.088840E-21, 
327.9072, 2.852932E-21, 
328.0188, 2.932242E-21, 
328.1304, 3.150248E-21, 
328.2419, 3.427827E-21, 
328.3534, 3.423895E-21, 
328.4649, 3.082282E-21, 
328.5764, 2.832278E-21, 
328.6879, 2.545716E-21, 
328.7993, 2.395224E-21, 
328.9107, 2.448994E-21, 
329.0221, 2.657791E-21, 
329.1335, 3.157999E-21, 
329.2448, 3.512828E-21, 
329.3561, 3.409812E-21, 
329.4674, 2.779689E-21, 
329.5787, 2.199957E-21, 
329.6900, 1.768845E-21, 
329.8012, 1.470750E-21, 
329.9124, 1.334907E-21, 
330.0236, 1.300585E-21, 
330.1348, 1.366214E-21, 
330.2459, 1.392282E-21, 
330.3570, 1.438727E-21, 
330.4681, 1.729297E-21, 
330.5792, 2.187620E-21, 
330.6902, 2.589988E-21, 
330.8013, 2.375613E-21, 
330.9123, 1.731759E-21, 
331.0232, 1.476642E-21, 
331.1342, 1.309228E-21, 
331.2451, 1.292959E-21, 
331.3561, 1.314404E-21, 
331.4670, 1.197872E-21, 
331.5778, 1.058835E-21, 
331.6887, 9.168038E-22, 
331.7995, 9.195965E-22, 
331.9103, 8.664374E-22, 
332.0211, 7.979515E-22, 
332.1319, 8.553192E-22, 
332.2426, 1.005602E-21, 
332.3533, 1.194849E-21, 
332.4640, 1.380171E-21, 
332.5747, 1.431164E-21, 
332.6853, 1.498452E-21, 
332.7960, 1.467007E-21, 
332.9066, 1.312532E-21, 
333.0172, 1.069178E-21, 
333.1277, 9.302412E-22, 
333.2383, 8.149819E-22, 
333.3488, 7.387220E-22, 
333.4593, 6.735301E-22, 
333.5698, 7.357898E-22, 
333.6802, 7.815945E-22, 
333.7907, 8.202684E-22, 
333.9011, 9.271004E-22, 
334.0115, 1.096808E-21, 
334.1219, 1.088158E-21, 
334.2322, 8.864164E-22, 
334.3425, 8.785406E-22, 
334.4529, 6.701757E-22, 
334.5631, 6.127628E-22, 
334.6734, 4.881994E-22, 
334.7836, 5.982174E-22, 
334.8939, 5.787485E-22, 
335.0041, 4.953892E-22, 
335.1143, 5.094636E-22, 
335.2244, 6.294478E-22, 
335.3346, 5.770274E-22, 
335.4447, 4.609013E-22, 
335.5548, 4.452377E-22, 
335.6648, 5.692433E-22, 
335.7749, 6.754597E-22, 
335.8849, 8.227484E-22, 
335.9949, 8.558531E-22, 
336.1049, 7.809186E-22, 
336.2149, 6.561102E-22, 
336.3249, 6.561642E-22, 
336.4348, 6.320056E-22, 
336.5447, 5.800425E-22, 
336.6546, 4.905110E-22, 
336.7645, 5.236384E-22, 
336.8743, 5.226648E-22, 
336.9841, 4.776201E-22, 
337.0940, 5.032600E-22, 
337.2037, 4.759279E-22, 
337.3135, 5.142752E-22, 
337.4233, 6.205205E-22, 
337.5330, 6.033406E-22, 
337.6427, 5.543449E-22, 
337.7524, 5.450495E-22, 
337.8620, 4.888879E-22, 
337.9717, 4.729115E-22, 
338.0813, 4.179861E-22, 
338.1909, 4.286508E-22, 
338.3005, 3.853763E-22, 
338.4101, 3.995750E-22, 
338.5196, 4.590998E-22, 
338.6292, 4.475694E-22, 
338.7387, 3.448481E-22, 
338.8482, 4.880612E-22, 
338.9576, 5.070150E-22, 
339.0671, 3.546045E-22, 
339.1765, 4.199585E-22, 
339.2859, 3.897620E-22, 
339.3953, 3.802782E-22, 
339.5047, 5.525145E-22, 
339.6140, 6.065341E-22, 
339.7234, 4.890148E-22, 
339.8327, 4.857723E-22, 
339.9420, 4.767307E-22, 
340.0512, 4.043565E-22, 
340.1605, 4.984257E-22, 
340.2697, 4.413018E-22, 
340.3790, 3.998702E-22, 
340.4882, 5.025627E-22, 
340.5973, 4.295604E-22, 
340.7065, 4.330742E-22, 
340.8156, 4.154860E-22, 
340.9248, 3.239658E-22, 
341.0339, 3.785445E-22, 
341.1430, 4.035424E-22, 
341.2520, 3.688007E-22, 
341.3611, 3.376080E-22, 
341.4701, 3.635318E-22, 
341.5791, 3.893450E-22, 
341.6881, 3.161278E-22, 
341.7971, 5.184461E-22, 
341.9061, 4.311571E-22, 
342.0150, 3.615493E-22, 
342.1239, 3.179632E-22, 
342.2328, 4.039381E-22, 
342.3417, 4.307689E-22, 
342.4506, 3.796237E-22, 
342.5594, 3.010685E-22, 
342.6683, 3.358969E-22, 
342.7771, 3.688685E-22, 
342.8859, 4.011416E-22, 
342.9947, 3.376897E-22, 
343.1034, 3.502841E-22, 
343.2122, 3.164494E-22, 
343.3209, 4.045751E-22, 
343.4296, 4.358105E-22, 
343.5383, 3.659099E-22, 
343.6470, 3.247171E-22, 
343.7556, 3.846150E-22, 
343.8643, 4.688964E-22, 
343.9729, 3.754955E-22, 
344.0815, 4.304247E-22, 
344.1901, 4.216897E-22, 
344.2987, 4.294762E-22, 
344.4072, 3.500894E-22, 
344.5158, 3.333316E-22, 
344.6243, 3.991114E-22, 
344.7328, 3.184972E-22, 
344.8413, 3.530467E-22, 
344.9498, 3.572616E-22, 
345.0582, 3.212296E-22, 
345.1666, 2.644398E-22, 
345.2751, 3.392563E-22, 
345.3835, 2.571583E-22, 
345.4919, 2.447046E-22, 
345.6002, 3.099757E-22, 
345.7086, 3.120549E-22, 
345.8169, 3.007230E-22, 
345.9253, 2.913875E-22, 
346.0336, 2.536646E-22, 
346.1419, 3.527841E-22, 
346.2501, 3.732178E-22, 
346.3584, 3.597578E-22, 
346.4666, 4.233228E-22, 
346.5749, 5.147400E-22, 
346.6831, 4.937322E-22, 
346.7913, 4.383432E-22, 
346.8995, 5.330443E-22, 
347.0076, 3.889844E-22, 
347.1158, 5.253821E-22, 
347.2239, 4.630571E-22, 
347.3320, 4.492278E-22, 
347.4401, 3.910837E-22, 
347.5482, 3.906113E-22, 
347.6563, 5.216459E-22, 
347.7644, 3.463707E-22, 
347.8724, 3.717630E-22, 
347.9805, 4.613963E-22, 
348.0885, 3.279521E-22, 
348.1965, 3.849768E-22, 
348.3045, 3.151981E-22, 
348.4124, 3.930184E-22, 
348.5204, 2.656836E-22, 
348.6283, 4.110387E-22, 
348.7363, 3.680343E-22, 
348.8442, 3.545040E-22, 
348.9521, 3.461986E-22, 
349.0599, 4.307375E-22, 
349.1678, 4.942586E-22, 
349.2757, 4.019997E-22, 
349.3835, 4.758714E-22, 
349.4913, 3.200412E-22, 
349.5992, 3.317700E-22, 
349.7070, 3.782682E-22, 
349.8147, 3.995197E-22, 
349.9225, 3.277850E-22, 
350.0303, 3.308654E-22, 
350.1380, 4.558748E-22, 
350.2458, 4.671049E-22, 
350.3535, 3.304534E-22, 
350.4612, 4.120463E-22, 
350.5689, 3.711877E-22, 
350.6765, 3.330074E-22, 
350.7842, 4.546261E-22, 
350.8919, 3.564688E-22, 
350.9995, 3.991278E-22, 
351.1071, 2.858522E-22, 
351.2147, 3.589186E-22, 
351.3223, 4.095576E-22, 
351.4299, 4.137737E-22, 
351.5375, 2.568468E-22, 
351.6451, 3.230400E-22, 
351.7526, 3.740809E-22, 
351.8601, 2.111313E-22, 
351.9677, 2.713495E-22, 
352.0752, 1.920028E-22, 
352.1827, 3.226128E-22, 
352.2901, 2.572136E-22, 
352.3976, 3.670293E-22, 
352.5051, 3.869869E-22, 
352.6125, 4.039067E-22, 
352.7200, 4.222085E-22, 
352.8274, 4.509589E-22, 
352.9348, 5.650888E-22, 
353.0422, 6.145217E-22, 
353.1496, 6.694358E-22, 
353.2570, 6.351514E-22, 
353.3643, 5.254550E-22, 
353.4717, 5.805375E-22, 
353.5790, 5.217577E-22, 
353.6864, 4.026529E-22, 
353.7937, 4.229673E-22, 
353.9010, 3.443807E-22, 
354.0083, 3.393819E-22, 
354.1156, 1.983597E-22, 
354.2228, 3.439749E-22, 
354.3301, 3.309873E-22, 
354.4374, 3.587000E-22, 
354.5446, 2.961174E-22, 
354.6518, 2.985660E-22, 
354.7591, 3.275476E-22, 
354.8663, 3.502941E-22, 
354.9735, 3.155650E-22, 
355.0806, 2.924629E-22, 
355.1878, 2.582639E-22, 
355.2950, 3.406483E-22, 
355.4021, 3.646637E-22, 
355.5093, 3.487991E-22, 
355.6164, 2.760807E-22, 
355.7236, 1.834889E-22, 
355.8307, 2.934528E-22, 
355.9378, 2.148022E-22, 
356.0449, 2.520728E-22, 
356.1520, 2.314205E-22, 
356.2590, 3.785885E-22, 
356.3661, 1.768418E-22, 
356.4731, 3.204972E-22, 
356.5802, 2.862103E-22, 
356.6872, 3.120737E-22, 
356.7943, 3.308730E-22, 
356.9013, 3.685947E-22, 
357.0083, 2.357962E-22, 
357.1153, 3.998652E-22, 
357.2223, 4.350316E-22, 
357.3292, 3.888236E-22, 
357.4362, 4.112800E-22, 
357.5432, 3.571146E-22, 
357.6501, 3.549877E-22, 
357.7571, 4.423093E-22, 
357.8640, 5.647759E-22, 
357.9709, 6.099538E-22, 
358.0778, 5.984875E-22, 
358.1848, 4.687582E-22, 
358.2917, 4.030085E-22, 
358.3985, 4.846554E-22, 
358.5054, 4.068389E-22, 
358.6123, 4.450204E-22, 
358.7192, 3.930410E-22, 
358.8260, 3.213075E-22, 
358.9329, 4.230490E-22, 
359.0397, 4.060424E-22, 
359.1465, 4.608360E-22, 
359.2534, 5.280267E-22, 
359.3602, 4.896831E-22, 
359.4670, 5.758414E-22, 
359.5738, 5.388484E-22, 
359.6806, 5.028152E-22, 
359.7874, 5.829621E-22, 
359.8942, 3.791036E-22, 
360.0009, 2.996150E-22, 
360.1077, 3.343982E-22, 
360.2144, 3.129016E-22, 
360.3212, 1.946536E-22, 
360.4279, 3.024881E-22, 
360.5347, 3.300099E-22, 
360.6414, 1.894639E-22, 
360.7481, 2.609385E-22, 
360.8548, 2.720518E-22, 
360.9615, 2.280009E-22, 
361.0682, 2.214116E-22, 
361.1749, 2.813522E-22, 
361.2816, 2.234769E-22, 
361.3883, 2.030859E-22, 
361.4950, 1.823432E-22, 
361.6016, 1.865844E-22, 
361.7083, 3.006916E-22, 
361.8149, 2.682138E-22, 
361.9216, 3.564387E-22, 
362.0282, 3.812757E-22, 
362.1348, 3.355464E-22, 
362.2415, 2.973612E-22, 
362.3481, 3.269269E-22, 
362.4547, 3.203012E-22, 
362.5613, 3.639639E-22, 
362.6679, 2.886136E-22, 
362.7745, 2.990509E-22, 
362.8811, 3.976705E-22, 
362.9877, 4.416761E-22, 
363.0943, 5.220605E-22, 
363.2008, 4.798187E-22, 
363.3074, 5.627596E-22, 
363.4140, 5.961319E-22, 
363.5205, 5.161747E-22, 
363.6271, 4.595922E-22, 
363.7336, 4.713374E-22, 
363.8402, 3.814868E-22, 
363.9467, 3.529964E-22, 
364.0532, 3.186153E-22, 
364.1597, 2.506130E-22, 
364.2663, 1.592511E-22, 
364.3728, 2.318363E-22, 
364.4793, 1.365623E-22, 
364.5858, 1.924036E-22, 
364.6923, 1.607386E-22, 
364.7988, 2.861537E-22, 
364.9053, 2.403289E-22, 
365.0118, 2.421192E-22, 
365.1183, 3.561208E-22, 
365.2247, 3.786099E-22, 
365.3312, 4.081807E-22, 
365.4377, 3.083890E-22, 
365.5441, 4.316722E-22, 
365.6506, 4.284285E-22, 
365.7571, 4.548095E-22, 
365.8635, 3.882972E-22, 
365.9700, 3.011112E-22, 
366.0764, 2.957179E-22, 
366.1828, 2.788509E-22, 
366.2893, 2.693658E-22, 
366.3957, 3.147735E-22, 
366.5021, 3.040347E-22, 
366.6086, 2.813283E-22, 
366.7150, 2.197306E-22, 
366.8214, 2.322459E-22, 
366.9278, 2.777453E-22, 
367.0342, 2.613619E-22, 
367.1406, 3.283064E-22, 
367.2470, 2.171301E-22, 
367.3534, 2.656132E-22, 
367.4598, 2.854288E-22, 
367.5662, 2.817529E-22, 
367.6726, 1.425009E-22, 
367.7790, 2.694311E-22, 
367.8854, 1.794662E-22, 
367.9918, 1.828607E-22, 
368.0982, 2.425275E-22, 
368.2045, 2.313992E-22, 
368.3109, 2.463642E-22, 
368.4173, 1.627436E-22, 
368.5236, 2.237546E-22, 
368.6300, 2.296378E-22, 
368.7364, 1.783041E-22, 
368.8427, 3.196341E-22, 
368.9491, 3.461295E-22, 
369.0554, 3.259734E-22, 
369.1618, 3.675494E-22, 
369.2681, 3.132772E-22, 
369.3745, 3.939958E-22, 
369.4808, 4.830423E-22, 
369.5872, 3.565656E-22, 
369.6935, 4.695572E-22, 
369.7999, 4.495217E-22, 
369.9062, 5.141935E-22, 
370.0125, 7.388589E-22, 
370.1189, 8.165799E-22, 
370.2252, 8.728961E-22, 
370.3315, 8.184217E-22, 
370.4379, 6.399693E-22, 
370.5442, 5.961897E-22, 
370.6505, 4.255440E-22, 
370.7569, 4.321370E-22, 
370.8632, 3.967848E-22, 
370.9695, 2.953687E-22, 
371.0758, 2.865005E-22, 
371.1821, 2.694073E-22, 
371.2885, 2.683520E-22, 
371.3948, 1.868570E-22, 
371.5011, 2.435501E-22, 
371.6074, 2.702377E-22, 
371.7137, 4.107925E-22, 
371.8200, 2.684726E-22, 
371.9263, 1.860065E-22, 
372.0326, 1.009431E-22, 
372.1390, 2.677891E-22, 
372.2453, 1.971964E-22, 
372.3516, 2.692088E-22, 
372.4579, 3.899392E-22, 
372.5642, 2.800167E-22, 
372.6705, 3.477916E-22, 
372.7768, 3.161504E-22, 
372.8831, 3.124908E-22, 
372.9894, 3.650644E-22, 
373.0957, 2.897581E-22, 
373.2020, 2.280310E-22, 
373.3083, 3.359447E-22, 
373.4146, 2.660919E-22, 
373.5209, 2.787541E-22, 
373.6272, 2.769162E-22, 
373.7335, 3.626574E-22, 
373.8398, 2.520615E-22, 
373.9461, 2.731133E-22, 
374.0524, 2.942393E-22, 
374.1587, 2.886437E-22, 
374.2650, 3.592616E-22, 
374.3713, 4.667180E-22, 
374.4776, 3.996441E-22, 
374.5839, 4.928741E-22, 
374.6902, 4.702080E-22, 
374.7965, 5.925741E-22, 
374.9028, 6.172730E-22, 
375.0091, 7.165508E-22, 
375.1154, 7.027378E-22, 
375.2217, 7.177455E-22, 
375.3280, 6.183885E-22, 
375.4343, 4.378871E-22, 
375.5406, 3.773737E-22, 
375.6469, 3.708447E-22, 
375.7532, 2.894993E-22, 
375.8595, 2.065332E-22, 
375.9659, 3.800521E-22, 
376.0722, 3.460265E-22, 
376.1785, 2.429496E-22, 
376.2848, 3.987848E-22, 
376.3911, 2.851399E-22, 
376.4974, 2.148537E-22, 
376.6037, 2.482122E-22, 
376.7100, 2.501369E-22, 
376.8163, 2.930835E-22, 
376.9226, 2.821285E-22, 
377.0290, 2.691497E-22, 
377.1353, 3.186630E-22, 
377.2416, 2.838082E-22, 
377.3479, 4.817810E-22, 
377.4542, 3.799880E-22, 
377.5605, 3.747643E-22, 
377.6669, 4.232487E-22, 
377.7732, 4.394060E-22, 
377.8795, 4.461662E-22, 
377.9858, 2.956438E-22, 
378.0922, 2.076488E-22, 
378.1985, 3.850748E-22, 
378.3048, 2.932204E-22, 
378.4112, 2.104767E-22, 
378.5175, 2.842014E-22, 
378.6238, 2.462348E-22, 
378.7302, 1.917491E-22, 
378.8365, 2.351869E-22, 
378.9428, 2.788245E-22, 
379.0492, 1.998120E-22, 
379.1555, 2.879465E-22, 
379.2619, 3.218239E-22, 
379.3682, 2.787742E-22, 
379.4746, 1.321540E-22, 
379.5809, 2.319193E-22, 
379.6872, 2.070860E-22, 
379.7936, 2.162884E-22, 
379.9000, 1.580413E-22, 
380.0063, 1.676570E-22, 
380.1127, 2.262722E-22, 
380.2190, 2.350010E-22, 
380.3254, 2.150472E-22, 
380.4318, 1.830065E-22, 
380.5381, 2.997921E-22, 
380.6445, 2.209643E-22, 
380.7509, 1.869588E-22, 
380.8572, 2.869892E-22, 
380.9636, 2.430463E-22, 
381.0700, 2.185472E-22, 
381.1764, 1.785780E-22, 
381.2827, 2.890382E-22, 
381.3891, 1.760818E-22, 
381.4955, 2.450112E-22, 
381.6019, 1.726433E-22, 
381.7083, 2.517211E-22, 
381.8147, 3.315087E-22, 
381.9211, 2.795355E-22, 
382.0275, 2.537663E-22, 
382.1339, 3.531321E-22, 
382.2403, 3.933802E-22, 
382.3467, 3.986805E-22, 
382.4531, 4.165602E-22, 
382.5595, 4.952586E-22, 
382.6659, 5.110138E-22, 
382.7723, 6.023443E-22, 
382.8787, 6.644646E-22, 
382.9851, 6.293246E-22, 
383.0916, 4.385278E-22, 
383.1980, 4.323381E-22, 
383.3044, 4.331672E-22, 
383.4108, 3.433744E-22, 
383.5173, 2.042995E-22, 
383.6237, 1.805642E-22, 
383.7301, 1.286728E-22, 
383.8366, 3.100121E-22, 
383.9430, 3.166152E-22, 
384.0495, 2.996188E-22, 
384.1559, 1.566757E-22, 
384.2623, 2.010846E-22, 
384.3688, 1.537221E-22, 
384.4753, 1.068202E-22, 
384.5817, 1.587486E-22, 
384.6882, 1.377671E-22, 
384.7946, 2.762101E-22, 
384.9011, 2.462474E-22, 
385.0076, 1.542849E-22, 
385.1140, 1.018160E-22, 
385.2205, 2.580013E-22, 
385.3270, 3.048789E-22, 
385.4334, 1.955067E-22, 
385.5399, 1.377709E-22, 
385.6464, 2.632451E-22, 
385.7529, 1.929074E-22, 
385.8594, 2.114956E-22, 
385.9659, 3.429460E-22, 
386.0724, 5.420382E-23, 
386.1789, 7.258813E-23, 
386.2854, 1.445260E-22, 
386.3919, 2.222872E-22, 
386.4984, 2.188965E-22, 
386.6049, 2.526608E-22, 
386.7114, 1.978183E-22, 
386.8179, 1.774272E-22, 
386.9244, 1.637172E-22, 
387.0309, 2.753898E-22, 
387.1374, 3.149406E-22, 
387.2440, 2.840871E-22, 
387.3505, 3.503193E-22, 
387.4570, 3.423304E-22, 
387.5636, 2.942003E-22, 
387.6701, 2.838045E-22, 
387.7766, 3.229935E-22, 
387.8832, 4.033326E-22, 
387.9897, 4.674893E-22, 
388.0963, 3.353102E-22, 
388.2028, 4.027974E-22, 
388.3093, 5.338270E-22, 
388.4159, 4.193504E-22, 
388.5225, 4.013087E-22, 
388.6290, 3.721412E-22, 
388.7356, 2.110873E-22, 
388.8421, 3.059518E-22, 
388.9487, 2.217721E-22, 
389.0553, 2.641773E-22, 
389.1618, 4.182700E-22, 
389.2684, 2.304067E-22, 
389.3750, 1.559709E-22, 
389.4816, 4.035952E-22, 
389.5882, 2.199166E-22, 
389.6947, 2.574385E-22, 
389.8013, 1.252213E-22, 
389.9079, 1.404104E-22, 
390.0145, 1.495914E-22, 
390.1211, 1.168329E-22, 
390.2277, 2.752264E-22, 
390.3343, 1.461441E-22, 
390.4409, 1.086501E-22, 
390.5475, 1.344605E-22, 
390.6541, 2.523128E-22, 
390.7607, 2.254870E-22, 
390.8673, 2.693005E-22, 
390.9739, 2.219631E-22, 
391.0805, 1.637499E-22, 
391.1872, 2.086765E-22, 
391.2938, 1.020286E-22, 
391.4004, 1.739360E-22, 
391.5070, 2.637011E-22, 
391.6136, 2.114491E-22, 
391.7203, 2.631873E-22, 
391.8269, 2.601935E-22, 
391.9335, 1.604735E-22, 
392.0402, 2.143700E-22, 
392.1468, 2.776649E-22, 
392.2534, 1.893495E-22, 
392.3601, 1.824562E-22, 
392.4667, 2.710882E-22, 
392.5734, 5.044183E-23, 
392.6800, 1.500022E-22, 
392.7867, 2.939692E-22, 
392.8933, 1.616833E-22, 
393.0000, 1.694824E-22, 
393.1066, 1.351603E-22, 
393.2133, 1.328336E-22, 
393.3199, 1.201569E-22, 
393.4266, 1.458187E-22, 
393.5333, 4.581035E-23, 
393.6399, 2.549648E-22, 
393.7466, 1.299090E-22, 
393.8532, 5.178469E-23, 
393.9599, 1.937039E-22, 
394.0666, 3.269935E-22, 
394.1732, 2.006663E-23, 
394.2799, 1.348223E-22, 
394.3866, 2.712678E-22, 
394.4933, 2.024553E-22, 
394.5999, 2.288966E-22, 
394.7066, 2.314306E-22, 
394.8133, 1.941071E-22, 
394.9200, 1.817891E-22, 
395.0267, 1.676042E-22