178.57230, 1.862e-18, 
178.57346, 1.855e-18, 
178.57462, 1.847e-18, 
178.57579, 1.843e-18, 
178.57695, 1.840e-18, 
178.57812, 1.840e-18, 
178.57929, 1.840e-18, 
178.58045, 1.841e-18, 
178.58162, 1.846e-18, 
178.58278, 1.850e-18, 
178.58395, 1.855e-18, 
178.58511, 1.859e-18, 
178.58628, 1.864e-18, 
178.58744, 1.867e-18, 
178.58861, 1.867e-18, 
178.58977, 1.865e-18, 
178.59094, 1.861e-18, 
178.59210, 1.856e-18, 
178.59327, 1.850e-18, 
178.59444, 1.844e-18, 
178.59560, 1.839e-18, 
178.59676, 1.836e-18, 
178.59793, 1.834e-18, 
178.59910, 1.836e-18, 
178.60026, 1.837e-18, 
178.60143, 1.839e-18, 
178.60259, 1.840e-18, 
178.60376, 1.839e-18, 
178.60492, 1.836e-18, 
178.60609, 1.828e-18, 
178.60725, 1.819e-18, 
178.60842, 1.807e-18, 
178.60958, 1.796e-18, 
178.61075, 1.784e-18, 
178.61191, 1.773e-18, 
178.61308, 1.764e-18, 
178.61424, 1.759e-18, 
178.61541, 1.757e-18, 
178.61657, 1.759e-18, 
178.61774, 1.761e-18, 
178.61891, 1.767e-18, 
178.62007, 1.773e-18, 
178.62124, 1.779e-18, 
178.62240, 1.784e-18, 
178.62357, 1.787e-18, 
178.62473, 1.787e-18, 
178.62590, 1.785e-18, 
178.62706, 1.782e-18, 
178.62823, 1.778e-18, 
178.62939, 1.773e-18, 
178.63056, 1.770e-18, 
178.63172, 1.769e-18, 
178.63289, 1.772e-18, 
178.63405, 1.779e-18, 
178.63522, 1.790e-18, 
178.63639, 1.804e-18, 
178.63755, 1.824e-18, 
178.63871, 1.844e-18, 
178.63988, 1.865e-18, 
178.64104, 1.886e-18, 
178.64221, 1.904e-18, 
178.64338, 1.920e-18, 
178.64454, 1.933e-18, 
178.64571, 1.945e-18, 
178.64687, 1.954e-18, 
178.64804, 1.964e-18, 
178.64920, 1.972e-18, 
178.65037, 1.981e-18, 
178.65153, 1.988e-18, 
178.65270, 1.994e-18, 
178.65386, 2.000e-18, 
178.65503, 2.004e-18, 
178.65619, 2.007e-18, 
178.65736, 2.010e-18, 
178.65852, 2.013e-18, 
178.65969, 2.019e-18, 
178.66085, 2.027e-18, 
178.66202, 2.037e-18, 
178.66318, 2.050e-18, 
178.66435, 2.065e-18, 
178.66552, 2.081e-18, 
178.66668, 2.096e-18, 
178.66785, 2.108e-18, 
178.66901, 2.119e-18, 
178.67018, 2.126e-18, 
178.67134, 2.129e-18, 
178.67251, 2.130e-18, 
178.67367, 2.130e-18, 
178.67484, 2.130e-18, 
178.67600, 2.130e-18, 
178.67717, 2.132e-18, 
178.67833, 2.132e-18, 
178.67950, 2.135e-18, 
178.68066, 2.136e-18, 
178.68183, 2.138e-18, 
178.68299, 2.139e-18, 
178.68416, 2.142e-18, 
178.68532, 2.145e-18, 
178.68649, 2.150e-18, 
178.68766, 2.153e-18, 
178.68882, 2.156e-18, 
178.68999, 2.157e-18, 
178.69115, 2.157e-18, 
178.69232, 2.154e-18, 
178.69348, 2.147e-18, 
178.69465, 2.138e-18, 
178.69581, 2.127e-18, 
178.69698, 2.117e-18, 
178.69814, 2.107e-18, 
178.69931, 2.099e-18, 
178.70047, 2.096e-18, 
178.70164, 2.096e-18, 
178.70280, 2.098e-18, 
178.70397, 2.104e-18, 
178.70514, 2.110e-18, 
178.70630, 2.117e-18, 
178.70747, 2.126e-18, 
178.70863, 2.133e-18, 
178.70979, 2.141e-18, 
178.71096, 2.147e-18, 
178.71213, 2.151e-18, 
178.71329, 2.156e-18, 
178.71446, 2.157e-18, 
178.71562, 2.157e-18, 
178.71679, 2.153e-18, 
178.71795, 2.148e-18, 
178.71912, 2.141e-18, 
178.72028, 2.132e-18, 
178.72145, 2.120e-18, 
178.72262, 2.110e-18, 
178.72378, 2.099e-18, 
178.72494, 2.090e-18, 
178.72611, 2.084e-18, 
178.72728, 2.079e-18, 
178.72844, 2.077e-18, 
178.72960, 2.079e-18, 
178.73077, 2.081e-18, 
178.73194, 2.084e-18, 
178.73310, 2.087e-18, 
178.73427, 2.089e-18, 
178.73543, 2.090e-18, 
178.73660, 2.089e-18, 
178.73776, 2.086e-18, 
178.73893, 2.081e-18, 
178.74009, 2.077e-18, 
178.74126, 2.073e-18, 
178.74242, 2.070e-18, 
178.74359, 2.068e-18, 
178.74475, 2.068e-18, 
178.74592, 2.070e-18, 
178.74708, 2.073e-18, 
178.74825, 2.074e-18, 
178.74942, 2.077e-18, 
178.75058, 2.080e-18, 
178.75174, 2.081e-18, 
178.75291, 2.083e-18, 
178.75408, 2.083e-18, 
178.75524, 2.084e-18, 
178.75641, 2.083e-18, 
178.75757, 2.083e-18, 
178.75874, 2.080e-18, 
178.75990, 2.077e-18, 
178.76107, 2.074e-18, 
178.76223, 2.071e-18, 
178.76340, 2.068e-18, 
178.76456, 2.067e-18, 
178.76573, 2.067e-18, 
178.76689, 2.068e-18, 
178.76806, 2.071e-18, 
178.76922, 2.074e-18, 
178.77039, 2.077e-18, 
178.77155, 2.079e-18, 
178.77272, 2.080e-18, 
178.77389, 2.079e-18, 
178.77505, 2.074e-18, 
178.77622, 2.068e-18, 
178.77738, 2.062e-18, 
178.77855, 2.055e-18, 
178.77971, 2.049e-18, 
178.78088, 2.043e-18, 
178.78204, 2.040e-18, 
178.78321, 2.039e-18, 
178.78437, 2.039e-18, 
178.78554, 2.040e-18, 
178.78670, 2.043e-18, 
178.78787, 2.044e-18, 
178.78903, 2.046e-18, 
178.79020, 2.047e-18, 
178.79136, 2.049e-18, 
178.79253, 2.050e-18, 
178.79369, 2.052e-18, 
178.79486, 2.053e-18, 
178.79603, 2.056e-18, 
178.79719, 2.059e-18, 
178.79836, 2.062e-18, 
178.79952, 2.065e-18, 
178.80069, 2.067e-18, 
178.80185, 2.068e-18, 
178.80302, 2.068e-18, 
178.80418, 2.067e-18, 
178.80535, 2.065e-18, 
178.80651, 2.064e-18, 
178.80768, 2.064e-18, 
178.80884, 2.064e-18, 
178.81001, 2.067e-18, 
178.81117, 2.071e-18, 
178.81234, 2.077e-18, 
178.81350, 2.087e-18, 
178.81467, 2.098e-18, 
178.81583, 2.108e-18, 
178.81700, 2.120e-18, 
178.81817, 2.130e-18, 
178.81933, 2.138e-18, 
178.82050, 2.144e-18, 
178.82166, 2.147e-18, 
178.82283, 2.148e-18, 
178.82399, 2.148e-18, 
178.82516, 2.147e-18, 
178.82632, 2.145e-18, 
178.82749, 2.144e-18, 
178.82865, 2.142e-18, 
178.82982, 2.141e-18, 
178.83098, 2.138e-18, 
178.83215, 2.135e-18, 
178.83331, 2.130e-18, 
178.83448, 2.126e-18, 
178.83565, 2.119e-18, 
178.83681, 2.111e-18, 
178.83797, 2.104e-18, 
178.83914, 2.098e-18, 
178.84031, 2.092e-18, 
178.84147, 2.086e-18, 
178.84264, 2.083e-18, 
178.84380, 2.080e-18, 
178.84497, 2.079e-18, 
178.84613, 2.079e-18, 
178.84730, 2.079e-18, 
178.84846, 2.080e-18, 
178.84963, 2.080e-18, 
178.85079, 2.081e-18, 
178.85196, 2.084e-18, 
178.85312, 2.087e-18, 
178.85429, 2.090e-18, 
178.85545, 2.096e-18, 
178.85662, 2.101e-18, 
178.85778, 2.107e-18, 
178.85895, 2.113e-18, 
178.86012, 2.116e-18, 
178.86128, 2.119e-18, 
178.86244, 2.119e-18, 
178.86361, 2.117e-18, 
178.86478, 2.113e-18, 
178.86594, 2.105e-18, 
178.86711, 2.095e-18, 
178.86827, 2.083e-18, 
178.86944, 2.070e-18, 
178.87060, 2.056e-18, 
178.87177, 2.043e-18, 
178.87293, 2.033e-18, 
178.87410, 2.024e-18, 
178.87526, 2.019e-18, 
178.87643, 2.016e-18, 
178.87759, 2.019e-18, 
178.87876, 2.024e-18, 
178.87992, 2.030e-18, 
178.88109, 2.036e-18, 
178.88226, 2.043e-18, 
178.88342, 2.049e-18, 
178.88459, 2.053e-18, 
178.88575, 2.056e-18, 
178.88691, 2.059e-18, 
178.88808, 2.061e-18, 
178.88925, 2.062e-18, 
178.89041, 2.061e-18, 
178.89158, 2.058e-18, 
178.89274, 2.052e-18, 
178.89391, 2.041e-18, 
178.89507, 2.030e-18, 
178.89624, 2.013e-18, 
178.89740, 1.996e-18, 
178.89857, 1.976e-18, 
178.89974, 1.959e-18, 
178.90090, 1.942e-18, 
178.90207, 1.927e-18, 
178.90323, 1.916e-18, 
178.90440, 1.907e-18, 
178.90556, 1.902e-18, 
178.90673, 1.898e-18, 
178.90789, 1.895e-18, 
178.90906, 1.893e-18, 
178.91022, 1.890e-18, 
178.91139, 1.887e-18, 
178.91255, 1.883e-18, 
178.91372, 1.877e-18, 
178.91488, 1.871e-18, 
178.91605, 1.864e-18, 
178.91721, 1.855e-18, 
178.91838, 1.847e-18, 
178.91954, 1.840e-18, 
178.92071, 1.833e-18, 
178.92187, 1.825e-18, 
178.92304, 1.819e-18, 
178.92420, 1.813e-18, 
178.92537, 1.807e-18, 
178.92653, 1.804e-18, 
178.92770, 1.801e-18, 
178.92886, 1.800e-18, 
178.93003, 1.800e-18, 
178.93120, 1.801e-18, 
178.93236, 1.804e-18, 
178.93353, 1.806e-18, 
178.93469, 1.807e-18, 
178.93586, 1.809e-18, 
178.93702, 1.809e-18, 
178.93819, 1.809e-18, 
178.93935, 1.807e-18, 
178.94052, 1.806e-18, 
178.94168, 1.804e-18, 
178.94285, 1.801e-18, 
178.94401, 1.799e-18, 
178.94518, 1.796e-18, 
178.94634, 1.793e-18, 
178.94751, 1.788e-18, 
178.94867, 1.785e-18, 
178.94984, 1.782e-18, 
178.95101, 1.781e-18, 
178.95217, 1.781e-18, 
178.95334, 1.784e-18, 
178.95450, 1.790e-18, 
178.95567, 1.800e-18, 
178.95683, 1.813e-18, 
178.95800, 1.828e-18, 
178.95916, 1.846e-18, 
178.96033, 1.864e-18, 
178.96149, 1.881e-18, 
178.96266, 1.899e-18, 
178.96382, 1.914e-18, 
178.96499, 1.927e-18, 
178.96615, 1.941e-18, 
178.96732, 1.951e-18, 
178.96848, 1.961e-18, 
178.96965, 1.969e-18, 
178.97081, 1.976e-18, 
178.97198, 1.982e-18, 
178.97315, 1.987e-18, 
178.97431, 1.990e-18, 
178.97548, 1.991e-18, 
178.97664, 1.993e-18, 
178.97781, 1.993e-18, 
178.97897, 1.993e-18, 
178.98014, 1.993e-18, 
178.98130, 1.993e-18, 
178.98247, 1.994e-18, 
178.98363, 1.994e-18, 
178.98480, 1.994e-18, 
178.98596, 1.993e-18, 
178.98713, 1.990e-18, 
178.98829, 1.985e-18, 
178.98946, 1.981e-18, 
178.99062, 1.976e-18, 
178.99179, 1.972e-18, 
178.99295, 1.969e-18, 
178.99412, 1.969e-18, 
178.99529, 1.972e-18, 
178.99645, 1.978e-18, 
178.99762, 1.985e-18, 
178.99878, 1.994e-18, 
178.99994, 2.004e-18, 
179.00111, 2.015e-18, 
179.00228, 2.024e-18, 
179.00344, 2.030e-18, 
179.00461, 2.034e-18, 
179.00577, 2.036e-18, 
179.00694, 2.036e-18, 
179.00810, 2.031e-18, 
179.00927, 2.027e-18, 
179.01043, 2.019e-18, 
179.01160, 2.012e-18, 
179.01277, 2.004e-18, 
179.01393, 1.997e-18, 
179.01510, 1.990e-18, 
179.01626, 1.982e-18, 
179.01742, 1.975e-18, 
179.01859, 1.966e-18, 
179.01975, 1.959e-18, 
179.02092, 1.948e-18, 
179.02209, 1.939e-18, 
179.02325, 1.930e-18, 
179.02442, 1.920e-18, 
179.02558, 1.913e-18, 
179.02675, 1.904e-18, 
179.02791, 1.898e-18, 
179.02908, 1.892e-18, 
179.03024, 1.887e-18, 
179.03141, 1.884e-18, 
179.03257, 1.884e-18, 
179.03374, 1.886e-18, 
179.03491, 1.889e-18, 
179.03607, 1.895e-18, 
179.03724, 1.901e-18, 
179.03840, 1.908e-18, 
179.03957, 1.916e-18, 
179.04073, 1.923e-18, 
179.04190, 1.927e-18, 
179.04306, 1.932e-18, 
179.04423, 1.933e-18, 
179.04539, 1.933e-18, 
179.04656, 1.930e-18, 
179.04772, 1.927e-18, 
179.04889, 1.921e-18, 
179.05005, 1.914e-18, 
179.05122, 1.907e-18, 
179.05238, 1.898e-18, 
179.05355, 1.889e-18, 
179.05471, 1.880e-18, 
179.05588, 1.871e-18, 
179.05704, 1.864e-18, 
179.05821, 1.856e-18, 
179.05937, 1.849e-18, 
179.06054, 1.844e-18, 
179.06171, 1.840e-18, 
179.06287, 1.837e-18, 
179.06404, 1.834e-18, 
179.06520, 1.833e-18, 
179.06637, 1.830e-18, 
179.06753, 1.827e-18, 
179.06870, 1.821e-18, 
179.06986, 1.815e-18, 
179.07102, 1.807e-18, 
179.07219, 1.800e-18, 
179.07335, 1.793e-18, 
179.07451, 1.787e-18, 
179.07568, 1.781e-18, 
179.07684, 1.778e-18, 
179.07800, 1.775e-18, 
179.07917, 1.775e-18, 
179.08033, 1.775e-18, 
179.08149, 1.775e-18, 
179.08266, 1.775e-18, 
179.08382, 1.772e-18, 
179.08498, 1.769e-18, 
179.08615, 1.766e-18, 
179.08731, 1.760e-18, 
179.08847, 1.754e-18, 
179.08964, 1.748e-18, 
179.09080, 1.742e-18, 
179.09197, 1.736e-18, 
179.09313, 1.730e-18, 
179.09429, 1.726e-18, 
179.09546, 1.723e-18, 
179.09662, 1.719e-18, 
179.09779, 1.716e-18, 
179.09895, 1.714e-18, 
179.10011, 1.714e-18, 
179.10128, 1.714e-18, 
179.10244, 1.717e-18, 
179.10361, 1.719e-18, 
179.10477, 1.720e-18, 
179.10594, 1.720e-18, 
179.10710, 1.719e-18, 
179.10826, 1.714e-18, 
179.10943, 1.708e-18, 
179.11060, 1.701e-18, 
179.11176, 1.690e-18, 
179.11292, 1.680e-18, 
179.11409, 1.670e-18, 
179.11525, 1.658e-18, 
179.11642, 1.649e-18, 
179.11758, 1.641e-18, 
179.11875, 1.634e-18, 
179.11991, 1.630e-18, 
179.12108, 1.624e-18, 
179.12225, 1.619e-18, 
179.12341, 1.615e-18, 
179.12457, 1.609e-18, 
179.12574, 1.603e-18, 
179.12690, 1.596e-18, 
179.12807, 1.588e-18, 
179.12924, 1.581e-18, 
179.13040, 1.573e-18, 
179.13157, 1.567e-18, 
179.13273, 1.561e-18, 
179.13390, 1.557e-18, 
179.13506, 1.556e-18, 
179.13623, 1.556e-18, 
179.13740, 1.557e-18, 
179.13856, 1.559e-18, 
179.13973, 1.561e-18, 
179.14089, 1.563e-18, 
179.14206, 1.566e-18, 
179.14322, 1.566e-18, 
179.14439, 1.564e-18, 
179.14556, 1.561e-18, 
179.14673, 1.559e-18, 
179.14789, 1.553e-18, 
179.14906, 1.547e-18, 
179.15022, 1.541e-18, 
179.15139, 1.535e-18, 
179.15255, 1.530e-18, 
179.15372, 1.526e-18, 
179.15489, 1.524e-18, 
179.15606, 1.523e-18, 
179.15722, 1.523e-18, 
179.15839, 1.521e-18, 
179.15956, 1.521e-18, 
179.16072, 1.520e-18, 
179.16189, 1.519e-18, 
179.16305, 1.517e-18, 
179.16422, 1.513e-18, 
179.16539, 1.510e-18, 
179.16656, 1.505e-18, 
179.16772, 1.501e-18, 
179.16889, 1.496e-18, 
179.17006, 1.492e-18, 
179.17122, 1.489e-18, 
179.17239, 1.486e-18, 
179.17356, 1.483e-18, 
179.17473, 1.483e-18, 
179.17589, 1.483e-18, 
179.17706, 1.484e-18, 
179.17823, 1.486e-18, 
179.17940, 1.487e-18, 
179.18057, 1.487e-18, 
179.18173, 1.489e-18, 
179.18290, 1.487e-18, 
179.18407, 1.486e-18, 
179.18524, 1.483e-18, 
179.18640, 1.480e-18, 
179.18757, 1.477e-18, 
179.18874, 1.476e-18, 
179.18991, 1.475e-18, 
179.19107, 1.476e-18, 
179.19224, 1.478e-18, 
179.19341, 1.481e-18, 
179.19458, 1.483e-18, 
179.19575, 1.486e-18, 
179.19692, 1.489e-18, 
179.19808, 1.490e-18, 
179.19925, 1.490e-18, 
179.20042, 1.490e-18, 
179.20159, 1.490e-18, 
179.20276, 1.489e-18, 
179.20393, 1.489e-18, 
179.20510, 1.487e-18, 
179.20626, 1.486e-18, 
179.20743, 1.486e-18, 
179.20860, 1.484e-18, 
179.20977, 1.483e-18, 
179.21094, 1.481e-18, 
179.21211, 1.478e-18, 
179.21328, 1.475e-18, 
179.21444, 1.471e-18, 
179.21562, 1.467e-18, 
179.21679, 1.463e-18, 
179.21795, 1.459e-18, 
179.21912, 1.456e-18, 
179.22029, 1.454e-18, 
179.22146, 1.452e-18, 
179.22263, 1.451e-18, 
179.22380, 1.451e-18, 
179.22497, 1.450e-18, 
179.22614, 1.451e-18, 
179.22731, 1.451e-18, 
179.22848, 1.451e-18, 
179.22965, 1.450e-18, 
179.23082, 1.450e-18, 
179.23199, 1.450e-18, 
179.23316, 1.450e-18, 
179.23433, 1.450e-18, 
179.23550, 1.450e-18, 
179.23667, 1.451e-18, 
179.23784, 1.452e-18, 
179.23900, 1.453e-18, 
179.24018, 1.455e-18, 
179.24135, 1.456e-18, 
179.24252, 1.457e-18, 
179.24369, 1.457e-18, 
179.24486, 1.457e-18, 
179.24603, 1.456e-18, 
179.24720, 1.453e-18, 
179.24837, 1.450e-18, 
179.24954, 1.445e-18, 
179.25071, 1.439e-18, 
179.25188, 1.433e-18, 
179.25305, 1.427e-18, 
179.25422, 1.422e-18, 
179.25539, 1.419e-18, 
179.25656, 1.416e-18, 
179.25774, 1.416e-18, 
179.25891, 1.418e-18, 
179.26008, 1.420e-18, 
179.26125, 1.423e-18, 
179.26242, 1.425e-18, 
179.26359, 1.427e-18, 
179.26476, 1.428e-18, 
179.26593, 1.427e-18, 
179.26710, 1.425e-18, 
179.26827, 1.423e-18, 
179.26945, 1.421e-18, 
179.27062, 1.419e-18, 
179.27179, 1.419e-18, 
179.27296, 1.421e-18, 
179.27413, 1.424e-18, 
179.27530, 1.430e-18, 
179.27647, 1.437e-18, 
179.27764, 1.445e-18, 
179.27881, 1.455e-18, 
179.27999, 1.466e-18, 
179.28116, 1.478e-18, 
179.28233, 1.490e-18, 
179.28350, 1.504e-18, 
179.28468, 1.516e-18, 
179.28585, 1.529e-18, 
179.28702, 1.542e-18, 
179.28819, 1.554e-18, 
179.28936, 1.566e-18, 
179.29054, 1.576e-18, 
179.29126, 1.584e-18, 
179.29199, 1.590e-18, 
179.29315, 1.599e-18, 
179.29432, 1.606e-18, 
179.29549, 1.612e-18, 
179.29666, 1.619e-18, 
179.29782, 1.627e-18, 
179.29899, 1.634e-18, 
179.30016, 1.643e-18, 
179.30133, 1.652e-18, 
179.30250, 1.664e-18, 
179.30367, 1.679e-18, 
179.30483, 1.695e-18, 
179.30600, 1.711e-18, 
179.30717, 1.730e-18, 
179.30834, 1.750e-18, 
179.30950, 1.767e-18, 
179.31068, 1.784e-18, 
179.31184, 1.799e-18, 
179.31301, 1.812e-18, 
179.31418, 1.824e-18, 
179.31535, 1.834e-18, 
179.31652, 1.844e-18, 
179.31769, 1.852e-18, 
179.31886, 1.862e-18, 
179.32002, 1.870e-18, 
179.32119, 1.880e-18, 
179.32236, 1.890e-18, 
179.32353, 1.901e-18, 
179.32470, 1.913e-18, 
179.32587, 1.923e-18, 
179.32704, 1.935e-18, 
179.32821, 1.945e-18, 
179.32937, 1.954e-18, 
179.33055, 1.961e-18, 
179.33171, 1.970e-18, 
179.33288, 1.976e-18, 
179.33405, 1.985e-18, 
179.33522, 1.991e-18, 
179.33639, 1.999e-18, 
179.33756, 2.007e-18, 
179.33873, 2.015e-18, 
179.33990, 2.024e-18, 
179.34107, 2.031e-18, 
179.34224, 2.039e-18, 
179.34341, 2.046e-18, 
179.34458, 2.053e-18, 
179.34575, 2.058e-18, 
179.34692, 2.062e-18, 
179.34809, 2.067e-18, 
179.34926, 2.070e-18, 
179.35043, 2.070e-18, 
179.35160, 2.068e-18, 
179.35277, 2.064e-18, 
179.35394, 2.056e-18, 
179.35511, 2.047e-18, 
179.35628, 2.037e-18, 
179.35745, 2.028e-18, 
179.35862, 2.019e-18, 
179.35979, 2.012e-18, 
179.36096, 2.007e-18, 
179.36213, 2.007e-18, 
179.36330, 2.009e-18, 
179.36448, 2.015e-18, 
179.36565, 2.022e-18, 
179.36682, 2.033e-18, 
179.36799, 2.044e-18, 
179.36916, 2.058e-18, 
179.37033, 2.073e-18, 
179.37150, 2.087e-18, 
179.37267, 2.102e-18, 
179.37384, 2.117e-18, 
179.37502, 2.129e-18, 
179.37619, 2.138e-18, 
179.37736, 2.145e-18, 
179.37853, 2.148e-18, 
179.37970, 2.148e-18, 
179.38088, 2.144e-18, 
179.38205, 2.138e-18, 
179.38322, 2.129e-18, 
179.38439, 2.119e-18, 
179.38556, 2.107e-18, 
179.38673, 2.096e-18, 
179.38790, 2.086e-18, 
179.38907, 2.079e-18, 
179.39025, 2.073e-18, 
179.39142, 2.067e-18, 
179.39259, 2.062e-18, 
179.39376, 2.059e-18, 
179.39493, 2.058e-18, 
179.39610, 2.055e-18, 
179.39727, 2.053e-18, 
179.39845, 2.050e-18, 
179.39961, 2.047e-18, 
179.40079, 2.044e-18, 
179.40196, 2.041e-18, 
179.40313, 2.037e-18, 
179.40430, 2.031e-18, 
179.40547, 2.025e-18, 
179.40664, 2.019e-18, 
179.40781, 2.012e-18, 
179.40899, 2.004e-18, 
179.41016, 1.997e-18, 
179.41133, 1.990e-18, 
179.41250, 1.985e-18, 
179.41367, 1.982e-18, 
179.41484, 1.982e-18, 
179.41601, 1.984e-18, 
179.41719, 1.988e-18, 
179.41836, 1.994e-18, 
179.41953, 2.001e-18, 
179.42070, 2.007e-18, 
179.42187, 2.012e-18, 
179.42304, 2.015e-18, 
179.42422, 2.015e-18, 
179.42538, 2.012e-18, 
179.42656, 2.006e-18, 
179.42773, 1.999e-18, 
179.42890, 1.990e-18, 
179.43007, 1.979e-18, 
179.43124, 1.967e-18, 
179.43241, 1.954e-18, 
179.43358, 1.942e-18, 
179.43476, 1.930e-18, 
179.43593, 1.919e-18, 
179.43710, 1.907e-18, 
179.43827, 1.895e-18, 
179.43944, 1.883e-18, 
179.44061, 1.871e-18, 
179.44179, 1.858e-18, 
179.44296, 1.847e-18, 
179.44413, 1.837e-18, 
179.44530, 1.830e-18, 
179.44647, 1.825e-18, 
179.44764, 1.822e-18, 
179.44881, 1.821e-18, 
179.44998, 1.824e-18, 
179.45116, 1.828e-18, 
179.45233, 1.833e-18, 
179.45350, 1.837e-18, 
179.45467, 1.841e-18, 
179.45584, 1.846e-18, 
179.45701, 1.846e-18, 
179.45819, 1.846e-18, 
179.45936, 1.843e-18, 
179.46053, 1.839e-18, 
179.46170, 1.833e-18, 
179.46287, 1.827e-18, 
179.46404, 1.819e-18, 
179.46521, 1.810e-18, 
179.46638, 1.803e-18, 
179.46755, 1.794e-18, 
179.46873, 1.785e-18, 
179.46990, 1.775e-18, 
179.47107, 1.764e-18, 
179.47224, 1.753e-18, 
179.47341, 1.741e-18, 
179.47458, 1.727e-18, 
179.47576, 1.714e-18, 
179.47692, 1.702e-18, 
179.47810, 1.689e-18, 
179.47927, 1.679e-18, 
179.48044, 1.668e-18, 
179.48161, 1.661e-18, 
179.48278, 1.655e-18, 
179.48395, 1.650e-18, 
179.48513, 1.649e-18, 
179.48630, 1.649e-18, 
179.48747, 1.652e-18, 
179.48864, 1.655e-18, 
179.48981, 1.658e-18, 
179.49098, 1.662e-18, 
179.49215, 1.667e-18, 
179.49333, 1.671e-18, 
179.49450, 1.677e-18, 
179.49567, 1.681e-18, 
179.49684, 1.687e-18, 
179.49801, 1.693e-18, 
179.49918, 1.699e-18, 
179.50035, 1.705e-18, 
179.50153, 1.710e-18, 
179.50270, 1.714e-18, 
179.50387, 1.717e-18, 
179.50504, 1.717e-18, 
179.50621, 1.716e-18, 
179.50738, 1.711e-18, 
179.50855, 1.705e-18, 
179.50973, 1.696e-18, 
179.51090, 1.687e-18, 
179.51207, 1.677e-18, 
179.51324, 1.667e-18, 
179.51441, 1.658e-18, 
179.51558, 1.647e-18, 
179.51675, 1.640e-18, 
179.51792, 1.633e-18, 
179.51910, 1.627e-18, 
179.52027, 1.624e-18, 
179.52144, 1.621e-18, 
179.52261, 1.621e-18, 
179.52378, 1.622e-18, 
179.52495, 1.624e-18, 
179.52612, 1.627e-18, 
179.52730, 1.630e-18, 
179.52847, 1.633e-18, 
179.52964, 1.636e-18, 
179.53081, 1.637e-18, 
179.53198, 1.639e-18, 
179.53315, 1.637e-18, 
179.53432, 1.636e-18, 
179.53550, 1.633e-18, 
179.53667, 1.628e-18, 
179.53784, 1.622e-18, 
179.53901, 1.616e-18, 
179.54018, 1.609e-18, 
179.54135, 1.601e-18, 
179.54252, 1.596e-18, 
179.54370, 1.590e-18, 
179.54487, 1.587e-18, 
179.54604, 1.585e-18, 
179.54721, 1.587e-18, 
179.54838, 1.590e-18, 
179.54955, 1.594e-18, 
179.55072, 1.603e-18, 
179.55189, 1.612e-18, 
179.55306, 1.622e-18, 
179.55424, 1.633e-18, 
179.55541, 1.643e-18, 
179.55658, 1.650e-18, 
179.55775, 1.656e-18, 
179.55892, 1.659e-18, 
179.56009, 1.659e-18, 
179.56127, 1.656e-18, 
179.56244, 1.650e-18, 
179.56361, 1.644e-18, 
179.56478, 1.637e-18, 
179.56595, 1.631e-18, 
179.56712, 1.625e-18, 
179.56829, 1.622e-18, 
179.56947, 1.619e-18, 
179.57064, 1.618e-18, 
179.57181, 1.618e-18, 
179.57298, 1.619e-18, 
179.57415, 1.624e-18, 
179.57532, 1.628e-18, 
179.57649, 1.637e-18, 
179.57767, 1.647e-18, 
179.57884, 1.659e-18, 
179.58001, 1.673e-18, 
179.58118, 1.687e-18, 
179.58235, 1.702e-18, 
179.58352, 1.717e-18, 
179.58469, 1.732e-18, 
179.58586, 1.745e-18, 
179.58703, 1.759e-18, 
179.58821, 1.772e-18, 
179.58938, 1.784e-18, 
179.59055, 1.796e-18, 
179.59172, 1.804e-18, 
179.59289, 1.813e-18, 
179.59406, 1.822e-18, 
179.59524, 1.830e-18, 
179.59641, 1.836e-18, 
179.59758, 1.843e-18, 
179.59875, 1.852e-18, 
179.59992, 1.861e-18, 
179.60109, 1.871e-18, 
179.60226, 1.883e-18, 
179.60344, 1.895e-18, 
179.60461, 1.907e-18, 
179.60578, 1.919e-18, 
179.60695, 1.930e-18, 
179.60812, 1.939e-18, 
179.60929, 1.947e-18, 
179.61046, 1.951e-18, 
179.61163, 1.956e-18, 
179.61281, 1.959e-18, 
179.61398, 1.960e-18, 
179.61515, 1.961e-18, 
179.61632, 1.963e-18, 
179.61749, 1.964e-18, 
179.61866, 1.967e-18, 
179.61983, 1.970e-18, 
179.62101, 1.975e-18, 
179.62218, 1.979e-18, 
179.62335, 1.984e-18, 
179.62452, 1.990e-18, 
179.62569, 1.996e-18, 
179.62686, 2.001e-18, 
179.62803, 2.007e-18, 
179.62920, 2.012e-18, 
179.63038, 2.015e-18, 
179.63155, 2.018e-18, 
179.63272, 2.019e-18, 
179.63389, 2.018e-18, 
179.63506, 2.016e-18, 
179.63624, 2.015e-18, 
179.63741, 2.013e-18, 
179.63858, 2.012e-18, 
179.63975, 2.010e-18, 
179.64092, 2.009e-18, 
179.64209, 2.010e-18, 
179.64326, 2.013e-18, 
179.64443, 2.016e-18, 
179.64560, 2.021e-18, 
179.64677, 2.025e-18, 
179.64795, 2.031e-18, 
179.64912, 2.039e-18, 
179.65029, 2.047e-18, 
179.65146, 2.056e-18, 
179.65263, 2.067e-18, 
179.65380, 2.079e-18, 
179.65498, 2.090e-18, 
179.65615, 2.104e-18, 
179.65732, 2.116e-18, 
179.65849, 2.127e-18, 
179.65966, 2.138e-18, 
179.66083, 2.147e-18, 
179.66200, 2.156e-18, 
179.66317, 2.160e-18, 
179.66435, 2.164e-18, 
179.66552, 2.167e-18, 
179.66669, 2.169e-18, 
179.66786, 2.170e-18, 
179.66903, 2.170e-18, 
179.67020, 2.170e-18, 
179.67137, 2.170e-18, 
179.67255, 2.172e-18, 
179.67372, 2.173e-18, 
179.67489, 2.173e-18, 
179.67606, 2.175e-18, 
179.67723, 2.176e-18, 
179.67840, 2.176e-18, 
179.67957, 2.176e-18, 
179.68075, 2.175e-18, 
179.68192, 2.175e-18, 
179.68309, 2.175e-18, 
179.68426, 2.178e-18, 
179.68543, 2.181e-18, 
179.68660, 2.185e-18, 
179.68777, 2.191e-18, 
179.68895, 2.199e-18, 
179.69012, 2.203e-18, 
179.69129, 2.207e-18, 
179.69246, 2.209e-18, 
179.69363, 2.207e-18, 
179.69480, 2.204e-18, 
179.69597, 2.199e-18, 
179.69714, 2.193e-18, 
179.69832, 2.188e-18, 
179.69949, 2.184e-18, 
179.70066, 2.181e-18, 
179.70183, 2.179e-18, 
179.70300, 2.181e-18, 
179.70417, 2.184e-18, 
179.70534, 2.187e-18, 
179.70652, 2.190e-18, 
179.70769, 2.193e-18, 
179.70886, 2.196e-18, 
179.71003, 2.199e-18, 
179.71120, 2.203e-18, 
179.71237, 2.207e-18, 
179.71354, 2.213e-18, 
179.71472, 2.219e-18, 
179.71589, 2.227e-18, 
179.71706, 2.233e-18, 
179.71823, 2.236e-18, 
179.71940, 2.237e-18, 
179.72057, 2.236e-18, 
179.72174, 2.231e-18, 
179.72292, 2.224e-18, 
179.72409, 2.216e-18, 
179.72526, 2.207e-18, 
179.72643, 2.200e-18, 
179.72760, 2.196e-18, 
179.72877, 2.194e-18, 
179.72994, 2.194e-18, 
179.73111, 2.197e-18, 
179.73229, 2.203e-18, 
179.73346, 2.207e-18, 
179.73463, 2.213e-18, 
179.73580, 2.218e-18, 
179.73697, 2.221e-18, 
179.73814, 2.221e-18, 
179.73931, 2.219e-18, 
179.74049, 2.218e-18, 
179.74166, 2.213e-18, 
179.74283, 2.210e-18, 
179.74400, 2.207e-18, 
179.74517, 2.207e-18, 
179.74634, 2.209e-18, 
179.74751, 2.215e-18, 
179.74869, 2.224e-18, 
179.74986, 2.236e-18, 
179.75103, 2.249e-18, 
179.75220, 2.264e-18, 
179.75337, 2.277e-18, 
179.75454, 2.290e-18, 
179.75571, 2.299e-18, 
179.75689, 2.305e-18, 
179.75806, 2.308e-18, 
179.75923, 2.307e-18, 
179.76040, 2.304e-18, 
179.76157, 2.301e-18, 
179.76274, 2.296e-18, 
179.76391, 2.295e-18, 
179.76508, 2.293e-18, 
179.76626, 2.295e-18, 
179.76743, 2.298e-18, 
179.76860, 2.302e-18, 
179.76977, 2.307e-18, 
179.77094, 2.311e-18, 
179.77211, 2.316e-18, 
179.77328, 2.320e-18, 
179.77446, 2.323e-18, 
179.77563, 2.327e-18, 
179.77680, 2.332e-18, 
179.77797, 2.339e-18, 
179.77914, 2.347e-18, 
179.78031, 2.357e-18, 
179.78148, 2.367e-18, 
179.78266, 2.379e-18, 
179.78383, 2.391e-18, 
179.78500, 2.404e-18, 
179.78617, 2.416e-18, 
179.78734, 2.428e-18, 
179.78851, 2.441e-18, 
179.78968, 2.455e-18, 
179.79086, 2.470e-18, 
179.79203, 2.486e-18, 
179.79320, 2.504e-18, 
179.79437, 2.523e-18, 
179.79554, 2.542e-18, 
179.79671, 2.561e-18, 
179.79788, 2.579e-18, 
179.79905, 2.596e-18, 
179.80023, 2.607e-18, 
179.80140, 2.618e-18, 
179.80257, 2.622e-18, 
179.80374, 2.624e-18, 
179.80491, 2.622e-18, 
179.80608, 2.618e-18, 
179.80725, 2.610e-18, 
179.80843, 2.604e-18, 
179.80960, 2.599e-18, 
179.81077, 2.594e-18, 
179.81194, 2.593e-18, 
179.81311, 2.591e-18, 
179.81428, 2.594e-18, 
179.81545, 2.597e-18, 
179.81663, 2.601e-18, 
179.81780, 2.607e-18, 
179.81897, 2.612e-18, 
179.82014, 2.616e-18, 
179.82131, 2.621e-18, 
179.82248, 2.625e-18, 
179.82365, 2.628e-18, 
179.82482, 2.633e-18, 
179.82600, 2.637e-18, 
179.82717, 2.641e-18, 
179.82834, 2.650e-18, 
179.82951, 2.659e-18, 
179.83068, 2.673e-18, 
179.83185, 2.686e-18, 
179.83302, 2.701e-18, 
179.83420, 2.716e-18, 
179.83537, 2.729e-18, 
179.83654, 2.738e-18, 
179.83771, 2.742e-18, 
179.83888, 2.742e-18, 
179.84005, 2.738e-18, 
179.84122, 2.730e-18, 
179.84240, 2.719e-18, 
179.84357, 2.707e-18, 
179.84474, 2.696e-18, 
179.84591, 2.687e-18, 
179.84708, 2.680e-18, 
179.84825, 2.674e-18, 
179.84942, 2.670e-18, 
179.85060, 2.665e-18, 
179.85177, 2.661e-18, 
179.85294, 2.656e-18, 
179.85411, 2.649e-18, 
179.85528, 2.643e-18, 
179.85645, 2.639e-18, 
179.85762, 2.637e-18, 
179.85879, 2.636e-18, 
179.85997, 2.639e-18, 
179.86114, 2.644e-18, 
179.86231, 2.655e-18, 
179.86348, 2.665e-18, 
179.86465, 2.676e-18, 
179.86582, 2.684e-18, 
179.86699, 2.692e-18, 
179.86817, 2.696e-18, 
179.86934, 2.696e-18, 
179.87051, 2.693e-18, 
179.87168, 2.686e-18, 
179.87285, 2.679e-18, 
179.87402, 2.668e-18, 
179.87519, 2.656e-18, 
179.87636, 2.644e-18, 
179.87754, 2.631e-18, 
179.87871, 2.619e-18, 
179.87988, 2.606e-18, 
179.88105, 2.593e-18, 
179.88222, 2.579e-18, 
179.88340, 2.564e-18, 
179.88457, 2.553e-18, 
179.88574, 2.541e-18, 
179.88691, 2.530e-18, 
179.88808, 2.521e-18, 
179.88925, 2.517e-18, 
179.89042, 2.514e-18, 
179.89160, 2.514e-18, 
179.89276, 2.516e-18, 
179.89393, 2.519e-18, 
179.89511, 2.523e-18, 
179.89628, 2.527e-18, 
179.89745, 2.532e-18, 
179.89862, 2.536e-18, 
179.89979, 2.541e-18, 
179.90096, 2.547e-18, 
179.90214, 2.551e-18, 
179.90331, 2.556e-18, 
179.90448, 2.560e-18, 
179.90565, 2.564e-18, 
179.90682, 2.567e-18, 
179.90799, 2.570e-18, 
179.90917, 2.573e-18, 
179.91033, 2.576e-18, 
179.91151, 2.579e-18, 
179.91268, 2.584e-18, 
179.91385, 2.590e-18, 
179.91502, 2.597e-18, 
179.91619, 2.606e-18, 
179.91736, 2.616e-18, 
179.91854, 2.628e-18, 
179.91971, 2.641e-18, 
179.92088, 2.656e-18, 
179.92205, 2.673e-18, 
179.92322, 2.690e-18, 
179.92439, 2.710e-18, 
179.92556, 2.729e-18, 
179.92674, 2.751e-18, 
179.92791, 2.772e-18, 
179.92908, 2.793e-18, 
179.93025, 2.813e-18, 
179.93142, 2.831e-18, 
179.93259, 2.847e-18, 
179.93376, 2.862e-18, 
179.93493, 2.876e-18, 
179.93611, 2.887e-18, 
179.93728, 2.896e-18, 
179.93845, 2.902e-18, 
179.93962, 2.905e-18, 
179.94079, 2.905e-18, 
179.94196, 2.901e-18, 
179.94314, 2.893e-18, 
179.94430, 2.883e-18, 
179.94548, 2.873e-18, 
179.94665, 2.861e-18, 
179.94782, 2.849e-18, 
179.94899, 2.837e-18, 
179.95016, 2.827e-18, 
179.95133, 2.815e-18, 
179.95251, 2.804e-18, 
179.95368, 2.794e-18, 
179.95485, 2.782e-18, 
179.95602, 2.770e-18, 
179.95719, 2.759e-18, 
179.95836, 2.747e-18, 
179.95953, 2.736e-18, 
179.96071, 2.726e-18, 
179.96188, 2.717e-18, 
179.96305, 2.708e-18, 
179.96422, 2.699e-18, 
179.96539, 2.690e-18, 
179.96656, 2.681e-18, 
179.96773, 2.673e-18, 
179.96890, 2.662e-18, 
179.97008, 2.653e-18, 
179.97125, 2.646e-18, 
179.97242, 2.639e-18, 
179.97359, 2.634e-18, 
179.97476, 2.633e-18, 
179.97593, 2.631e-18, 
179.97710, 2.631e-18, 
179.97828, 2.633e-18, 
179.97945, 2.634e-18, 
179.98062, 2.636e-18, 
179.98179, 2.637e-18, 
179.98296, 2.639e-18, 
179.98413, 2.639e-18, 
179.98530, 2.640e-18, 
179.98648, 2.641e-18, 
179.98765, 2.641e-18, 
179.98882, 2.641e-18, 
179.98999, 2.640e-18, 
179.99116, 2.637e-18, 
179.99233, 2.631e-18, 
179.99350, 2.622e-18, 
179.99468, 2.610e-18, 
179.99584, 2.597e-18, 
179.99702, 2.581e-18, 
179.99819, 2.566e-18, 
179.99936, 2.550e-18, 
180.00053, 2.533e-18, 
180.00170, 2.520e-18, 
180.00288, 2.508e-18, 
180.00405, 2.499e-18, 
180.00522, 2.492e-18, 
180.00639, 2.486e-18, 
180.00756, 2.481e-18, 
180.00873, 2.476e-18, 
180.00990, 2.470e-18, 
180.01107, 2.464e-18, 
180.01225, 2.455e-18, 
180.01342, 2.446e-18, 
180.01459, 2.434e-18, 
180.01576, 2.424e-18, 
180.01693, 2.413e-18, 
180.01810, 2.404e-18, 
180.01927, 2.396e-18, 
180.02045, 2.390e-18, 
180.02162, 2.387e-18, 
180.02279, 2.387e-18, 
180.02396, 2.390e-18, 
180.02513, 2.396e-18, 
180.02630, 2.404e-18, 
180.02747, 2.416e-18, 
180.02864, 2.430e-18, 
180.02981, 2.444e-18, 
180.03099, 2.461e-18, 
180.03216, 2.477e-18, 
180.03333, 2.492e-18, 
180.03450, 2.504e-18, 
180.03567, 2.511e-18, 
180.03684, 2.517e-18, 
180.03802, 2.519e-18, 
180.03919, 2.517e-18, 
180.04036, 2.513e-18, 
180.04153, 2.510e-18, 
180.04270, 2.507e-18, 
180.04387, 2.505e-18, 
180.04504, 2.507e-18, 
180.04622, 2.508e-18, 
180.04739, 2.511e-18, 
180.04856, 2.513e-18, 
180.04973, 2.511e-18, 
180.05090, 2.508e-18, 
180.05207, 2.502e-18, 
180.05324, 2.492e-18, 
180.05441, 2.480e-18, 
180.05558, 2.465e-18, 
180.05676, 2.450e-18, 
180.05793, 2.436e-18, 
180.05910, 2.421e-18, 
180.06027, 2.409e-18, 
180.06144, 2.396e-18, 
180.06261, 2.384e-18, 
180.06378, 2.372e-18, 
180.06496, 2.360e-18, 
180.06613, 2.348e-18, 
180.06730, 2.336e-18, 
180.06847, 2.324e-18, 
180.06964, 2.314e-18, 
180.07081, 2.305e-18, 
180.07198, 2.298e-18, 
180.07316, 2.292e-18, 
180.07433, 2.287e-18, 
180.07550, 2.283e-18, 
180.07667, 2.280e-18, 
180.07784, 2.277e-18, 
180.07901, 2.274e-18, 
180.08019, 2.270e-18, 
180.08136, 2.265e-18, 
180.08253, 2.262e-18, 
180.08370, 2.258e-18, 
180.08487, 2.253e-18, 
180.08604, 2.249e-18, 
180.08721, 2.243e-18, 
180.08838, 2.237e-18, 
180.08956, 2.230e-18, 
180.09073, 2.221e-18, 
180.09190, 2.209e-18, 
180.09307, 2.196e-18, 
180.09424, 2.181e-18, 
180.09541, 2.164e-18, 
180.09658, 2.150e-18, 
180.09776, 2.138e-18, 
180.09893, 2.126e-18, 
180.10010, 2.119e-18, 
180.10127, 2.113e-18, 
180.10244, 2.110e-18, 
180.10361, 2.110e-18, 
180.10478, 2.111e-18, 
180.10596, 2.114e-18, 
180.10713, 2.117e-18, 
180.10830, 2.121e-18, 
180.10947, 2.126e-18, 
180.11064, 2.130e-18, 
180.11181, 2.135e-18, 
180.11298, 2.139e-18, 
180.11415, 2.142e-18, 
180.11533, 2.144e-18, 
180.11650, 2.145e-18, 
180.11767, 2.145e-18, 
180.11884, 2.144e-18, 
180.12001, 2.142e-18, 
180.12118, 2.139e-18, 
180.12236, 2.136e-18, 
180.12353, 2.132e-18, 
180.12470, 2.129e-18, 
180.12587, 2.123e-18, 
180.12704, 2.117e-18, 
180.12821, 2.111e-18, 
180.12938, 2.104e-18, 
180.13056, 2.098e-18, 
180.13173, 2.090e-18, 
180.13290, 2.086e-18, 
180.13407, 2.081e-18, 
180.13524, 2.079e-18, 
180.13641, 2.076e-18, 
180.13758, 2.074e-18, 
180.13875, 2.073e-18, 
180.13993, 2.071e-18, 
180.14110, 2.070e-18, 
180.14227, 2.065e-18, 
180.14344, 2.061e-18, 
180.14461, 2.056e-18, 
180.14578, 2.050e-18, 
180.14696, 2.046e-18, 
180.14812, 2.041e-18, 
180.14930, 2.040e-18, 
180.15047, 2.041e-18, 
180.15164, 2.044e-18, 
180.15281, 2.049e-18, 
180.15398, 2.055e-18, 
180.15515, 2.064e-18, 
180.15632, 2.071e-18, 
180.15750, 2.079e-18, 
180.15867, 2.086e-18, 
180.15984, 2.093e-18, 
180.16101, 2.101e-18, 
180.16218, 2.108e-18, 
180.16335, 2.117e-18, 
180.16452, 2.126e-18, 
180.16570, 2.135e-18, 
180.16687, 2.147e-18, 
180.16804, 2.157e-18, 
180.16921, 2.167e-18, 
180.17038, 2.179e-18, 
180.17155, 2.190e-18, 
180.17272, 2.200e-18, 
180.17390, 2.209e-18, 
180.17507, 2.218e-18, 
180.17624, 2.225e-18, 
180.17741, 2.231e-18, 
180.17858, 2.237e-18, 
180.17975, 2.243e-18, 
180.18092, 2.249e-18, 
180.18210, 2.255e-18, 
180.18327, 2.261e-18, 
180.18444, 2.268e-18, 
180.18561, 2.276e-18, 
180.18678, 2.281e-18, 
180.18795, 2.287e-18, 
180.18912, 2.293e-18, 
180.19029, 2.296e-18, 
180.19147, 2.296e-18, 
180.19264, 2.295e-18, 
180.19381, 2.292e-18, 
180.19498, 2.287e-18, 
180.19615, 2.283e-18, 
180.19732, 2.279e-18, 
180.19850, 2.274e-18, 
180.19966, 2.271e-18, 
180.20084, 2.270e-18, 
180.20201, 2.268e-18, 
180.20318, 2.267e-18, 
180.20435, 2.265e-18, 
180.20552, 2.264e-18, 
180.20669, 2.264e-18, 
180.20786, 2.264e-18, 
180.20904, 2.267e-18, 
180.21021, 2.271e-18, 
180.21138, 2.279e-18, 
180.21255, 2.287e-18, 
180.21372, 2.298e-18, 
180.21490, 2.310e-18, 
180.21606, 2.320e-18, 
180.21724, 2.330e-18, 
180.21841, 2.339e-18, 
180.21958, 2.345e-18, 
180.22075, 2.351e-18, 
180.22192, 2.356e-18, 
180.22309, 2.360e-18, 
180.22427, 2.363e-18, 
180.22543, 2.367e-18, 
180.22661, 2.372e-18, 
180.22778, 2.378e-18, 
180.22895, 2.384e-18, 
180.23012, 2.391e-18, 
180.23129, 2.399e-18, 
180.23246, 2.407e-18, 
180.23364, 2.416e-18, 
180.23481, 2.425e-18, 
180.23598, 2.433e-18, 
180.23715, 2.439e-18, 
180.23832, 2.443e-18, 
180.23949, 2.444e-18, 
180.24066, 2.443e-18, 
180.24184, 2.437e-18, 
180.24301, 2.428e-18, 
180.24418, 2.416e-18, 
180.24535, 2.403e-18, 
180.24652, 2.387e-18, 
180.24769, 2.372e-18, 
180.24886, 2.357e-18, 
180.25004, 2.345e-18, 
180.25121, 2.333e-18, 
180.25238, 2.326e-18, 
180.25355, 2.321e-18, 
180.25472, 2.320e-18, 
180.25589, 2.323e-18, 
180.25706, 2.327e-18, 
180.25823, 2.336e-18, 
180.25941, 2.347e-18, 
180.26058, 2.360e-18, 
180.26175, 2.375e-18, 
180.26292, 2.390e-18, 
180.26409, 2.406e-18, 
180.26526, 2.419e-18, 
180.26644, 2.431e-18, 
180.26761, 2.440e-18, 
180.26878, 2.446e-18, 
180.26995, 2.449e-18, 
180.27112, 2.447e-18, 
180.27229, 2.443e-18, 
180.27346, 2.436e-18, 
180.27463, 2.427e-18, 
180.27580, 2.415e-18, 
180.27698, 2.401e-18, 
180.27815, 2.388e-18, 
180.27932, 2.375e-18, 
180.28049, 2.360e-18, 
180.28166, 2.348e-18, 
180.28283, 2.336e-18, 
180.28400, 2.326e-18, 
180.28518, 2.316e-18, 
180.28635, 2.305e-18, 
180.28752, 2.295e-18, 
180.28869, 2.283e-18, 
180.28986, 2.271e-18, 
180.29103, 2.259e-18, 
180.29220, 2.246e-18, 
180.29338, 2.233e-18, 
180.29455, 2.221e-18, 
180.29572, 2.209e-18, 
180.29689, 2.199e-18, 
180.29806, 2.188e-18, 
180.29923, 2.181e-18, 
180.30040, 2.175e-18, 
180.30158, 2.170e-18, 
180.30275, 2.167e-18, 
180.30392, 2.166e-18, 
180.30509, 2.164e-18, 
180.30626, 2.164e-18, 
180.30743, 2.166e-18, 
180.30860, 2.166e-18, 
180.30978, 2.166e-18, 
180.31095, 2.166e-18, 
180.31212, 2.163e-18, 
180.31329, 2.161e-18, 
180.31446, 2.157e-18, 
180.31563, 2.154e-18, 
180.31680, 2.148e-18, 
180.31798, 2.144e-18, 
180.31915, 2.139e-18, 
180.32032, 2.133e-18, 
180.32149, 2.129e-18, 
180.32266, 2.124e-18, 
180.32383, 2.120e-18, 
180.32500, 2.116e-18, 
180.32617, 2.110e-18, 
180.32735, 2.104e-18, 
180.32852, 2.098e-18, 
180.32969, 2.092e-18, 
180.33086, 2.084e-18, 
180.33203, 2.077e-18, 
180.33320, 2.070e-18, 
180.33437, 2.064e-18, 
180.33554, 2.058e-18, 
180.33672, 2.052e-18, 
180.33789, 2.046e-18, 
180.33906, 2.040e-18, 
180.34023, 2.034e-18, 
180.34140, 2.028e-18, 
180.34257, 2.022e-18, 
180.34374, 2.016e-18, 
180.34491, 2.010e-18, 
180.34609, 2.006e-18, 
180.34726, 2.003e-18, 
180.34843, 2.000e-18, 
180.34960, 1.997e-18, 
180.35077, 1.996e-18, 
180.35194, 1.993e-18, 
180.35311, 1.990e-18, 
180.35429, 1.984e-18, 
180.35546, 1.976e-18, 
180.35663, 1.969e-18, 
180.35780, 1.959e-18, 
180.35897, 1.947e-18, 
180.36014, 1.935e-18, 
180.36131, 1.923e-18, 
180.36249, 1.910e-18, 
180.36366, 1.898e-18, 
180.36483, 1.886e-18, 
180.36600, 1.876e-18, 
180.36717, 1.868e-18, 
180.36834, 1.861e-18, 
180.36952, 1.856e-18, 
180.37069, 1.853e-18, 
180.37186, 1.853e-18, 
180.37303, 1.856e-18, 
180.37420, 1.859e-18, 
180.37537, 1.862e-18, 
180.37654, 1.865e-18, 
180.37771, 1.868e-18, 
180.37889, 1.868e-18, 
180.38006, 1.868e-18, 
180.38123, 1.867e-18, 
180.38240, 1.865e-18, 
180.38357, 1.862e-18, 
180.38474, 1.859e-18, 
180.38591, 1.856e-18, 
180.38709, 1.853e-18, 
180.38826, 1.849e-18, 
180.38943, 1.843e-18, 
180.39060, 1.837e-18, 
180.39177, 1.830e-18, 
180.39294, 1.822e-18, 
180.39411, 1.815e-18, 
180.39529, 1.807e-18, 
180.39646, 1.801e-18, 
180.39763, 1.796e-18, 
180.39880, 1.791e-18, 
180.39997, 1.788e-18, 
180.40114, 1.787e-18, 
180.40231, 1.785e-18, 
180.40348, 1.787e-18, 
180.40466, 1.787e-18, 
180.40583, 1.788e-18, 
180.40700, 1.790e-18, 
180.40817, 1.790e-18, 
180.40934, 1.790e-18, 
180.41051, 1.788e-18, 
180.41169, 1.784e-18, 
180.41286, 1.778e-18, 
180.41403, 1.770e-18, 
180.41520, 1.761e-18, 
180.41637, 1.751e-18, 
180.41754, 1.741e-18, 
180.41871, 1.730e-18, 
180.41989, 1.720e-18, 
180.42106, 1.711e-18, 
180.42223, 1.704e-18, 
180.42340, 1.699e-18, 
180.42457, 1.696e-18, 
180.42574, 1.695e-18, 
180.42691, 1.696e-18, 
180.42809, 1.701e-18, 
180.42925, 1.705e-18, 
180.43043, 1.713e-18, 
180.43160, 1.719e-18, 
180.43277, 1.726e-18, 
180.43394, 1.733e-18, 
180.43511, 1.741e-18, 
180.43628, 1.747e-18, 
180.43745, 1.751e-18, 
180.43863, 1.753e-18, 
180.43980, 1.754e-18, 
180.44097, 1.753e-18, 
180.44214, 1.751e-18, 
180.44331, 1.748e-18, 
180.44448, 1.744e-18, 
180.44565, 1.739e-18, 
180.44683, 1.736e-18, 
180.44800, 1.733e-18, 
180.44917, 1.732e-18, 
180.45034, 1.733e-18, 
180.45151, 1.735e-18, 
180.45268, 1.739e-18, 
180.45386, 1.744e-18, 
180.45502, 1.747e-18, 
180.45620, 1.750e-18, 
180.45737, 1.751e-18, 
180.45854, 1.750e-18, 
180.45971, 1.745e-18, 
180.46088, 1.736e-18, 
180.46206, 1.726e-18, 
180.46322, 1.714e-18, 
180.46440, 1.701e-18, 
180.46557, 1.689e-18, 
180.46674, 1.676e-18, 
180.46791, 1.664e-18, 
180.46908, 1.655e-18, 
180.47025, 1.647e-18, 
180.47143, 1.641e-18, 
180.47260, 1.637e-18, 
180.47377, 1.636e-18, 
180.47494, 1.633e-18, 
180.47611, 1.633e-18, 
180.47728, 1.631e-18, 
180.47845, 1.630e-18, 
180.47962, 1.628e-18, 
180.48080, 1.625e-18, 
180.48197, 1.622e-18, 
180.48314, 1.619e-18, 
180.48431, 1.616e-18, 
180.48548, 1.612e-18, 
180.48665, 1.609e-18, 
180.48783, 1.607e-18, 
180.48900, 1.606e-18, 
180.49017, 1.603e-18, 
180.49134, 1.601e-18, 
180.49251, 1.599e-18, 
180.49368, 1.596e-18, 
180.49485, 1.591e-18, 
180.49603, 1.587e-18, 
180.49720, 1.582e-18, 
180.49837, 1.578e-18, 
180.49954, 1.576e-18, 
180.50071, 1.575e-18, 
180.50188, 1.573e-18, 
180.50305, 1.572e-18, 
180.50422, 1.569e-18, 
180.50540, 1.564e-18, 
180.50657, 1.557e-18, 
180.50774, 1.548e-18, 
180.50891, 1.536e-18, 
180.51008, 1.523e-18, 
180.51125, 1.511e-18, 
180.51242, 1.499e-18, 
180.51359, 1.490e-18, 
180.51477, 1.484e-18, 
180.51594, 1.483e-18, 
180.51711, 1.486e-18, 
180.51828, 1.490e-18, 
180.51945, 1.498e-18, 
180.52062, 1.507e-18, 
180.52180, 1.514e-18, 
180.52297, 1.521e-18, 
180.52414, 1.529e-18, 
180.52531, 1.533e-18, 
180.52648, 1.538e-18, 
180.52765, 1.541e-18, 
180.52882, 1.544e-18, 
180.53000, 1.547e-18, 
180.53117, 1.547e-18, 
180.53234, 1.547e-18, 
180.53351, 1.545e-18, 
180.53468, 1.541e-18, 
180.53585, 1.535e-18, 
180.53702, 1.527e-18, 
180.53819, 1.519e-18, 
180.53937, 1.511e-18, 
180.54054, 1.504e-18, 
180.54171, 1.498e-18, 
180.54288, 1.495e-18, 
180.54405, 1.495e-18, 
180.54522, 1.499e-18, 
180.54639, 1.505e-18, 
180.54756, 1.516e-18, 
180.54874, 1.527e-18, 
180.54991, 1.541e-18, 
180.55108, 1.556e-18, 
180.55225, 1.570e-18, 
180.55342, 1.585e-18, 
180.55459, 1.599e-18, 
180.55577, 1.613e-18, 
180.55694, 1.627e-18, 
180.55811, 1.639e-18, 
180.55928, 1.652e-18, 
180.56045, 1.664e-18, 
180.56162, 1.676e-18, 
180.56279, 1.689e-18, 
180.56396, 1.701e-18, 
180.56514, 1.714e-18, 
180.56631, 1.727e-18, 
180.56748, 1.739e-18, 
180.56865, 1.753e-18, 
180.56982, 1.766e-18, 
180.57099, 1.781e-18, 
180.57216, 1.794e-18, 
180.57334, 1.807e-18, 
180.57451, 1.822e-18, 
180.57568, 1.836e-18, 
180.57685, 1.847e-18, 
180.57802, 1.858e-18, 
180.57919, 1.867e-18, 
180.58036, 1.874e-18, 
180.58153, 1.880e-18, 
180.58271, 1.884e-18, 
180.58388, 1.889e-18, 
180.58505, 1.892e-18, 
180.58622, 1.895e-18, 
180.58739, 1.898e-18, 
180.58856, 1.902e-18, 
180.58973, 1.907e-18, 
180.59091, 1.913e-18, 
180.59208, 1.919e-18, 
180.59325, 1.924e-18, 
180.59442, 1.929e-18, 
180.59559, 1.933e-18, 
180.59676, 1.936e-18, 
180.59793, 1.939e-18, 
180.59911, 1.941e-18, 
180.60028, 1.941e-18, 
180.60145, 1.938e-18, 
180.60262, 1.935e-18, 
180.60379, 1.930e-18, 
180.60496, 1.924e-18, 
180.60613, 1.919e-18, 
180.60731, 1.913e-18, 
180.60848, 1.907e-18, 
180.60965, 1.902e-18, 
180.61082, 1.898e-18, 
180.61199, 1.893e-18, 
180.61316, 1.890e-18, 
180.61433, 1.886e-18, 
180.61551, 1.883e-18, 
180.61668, 1.880e-18, 
180.61785, 1.879e-18, 
180.61902, 1.877e-18, 
180.62019, 1.877e-18, 
180.62136, 1.877e-18, 
180.62253, 1.879e-18, 
180.62370, 1.880e-18, 
180.62488, 1.881e-18, 
180.62605, 1.880e-18, 
180.62722, 1.877e-18, 
180.62839, 1.873e-18, 
180.62956, 1.864e-18, 
180.63073, 1.855e-18, 
180.63190, 1.843e-18, 
180.63307, 1.831e-18, 
180.63425, 1.819e-18, 
180.63542, 1.809e-18, 
180.63659, 1.801e-18, 
180.63776, 1.794e-18, 
180.63893, 1.791e-18, 
180.64010, 1.790e-18, 
180.64127, 1.790e-18, 
180.64245, 1.790e-18, 
180.64362, 1.791e-18, 
180.64479, 1.791e-18, 
180.64596, 1.790e-18, 
180.64713, 1.788e-18, 
180.64830, 1.784e-18, 
180.64947, 1.779e-18, 
180.65065, 1.775e-18, 
180.65182, 1.770e-18, 
180.65299, 1.764e-18, 
180.65416, 1.760e-18, 
180.65533, 1.757e-18, 
180.65650, 1.754e-18, 
180.65767, 1.750e-18, 
180.65884, 1.747e-18, 
180.66002, 1.742e-18, 
180.66119, 1.736e-18, 
180.66236, 1.730e-18, 
180.66353, 1.724e-18, 
180.66470, 1.719e-18, 
180.66587, 1.713e-18, 
180.66704, 1.707e-18, 
180.66822, 1.702e-18, 
180.66939, 1.699e-18, 
180.67056, 1.698e-18, 
180.67173, 1.695e-18, 
180.67290, 1.693e-18, 
180.67407, 1.692e-18, 
180.67524, 1.689e-18, 
180.67642, 1.686e-18, 
180.67759, 1.681e-18, 
180.67876, 1.679e-18, 
180.67993, 1.677e-18, 
180.68110, 1.676e-18, 
180.68227, 1.677e-18, 
180.68344, 1.680e-18, 
180.68462, 1.684e-18, 
180.68579, 1.690e-18, 
180.68696, 1.696e-18, 
180.68813, 1.702e-18, 
180.68930, 1.708e-18, 
180.69047, 1.713e-18, 
180.69164, 1.716e-18, 
180.69281, 1.719e-18, 
180.69399, 1.721e-18, 
180.69516, 1.723e-18, 
180.69633, 1.726e-18, 
180.69750, 1.730e-18, 
180.69867, 1.735e-18, 
180.69984, 1.739e-18, 
180.70102, 1.744e-18, 
180.70218, 1.748e-18, 
180.70336, 1.753e-18, 
180.70453, 1.757e-18, 
180.70570, 1.760e-18, 
180.70687, 1.763e-18, 
180.70804, 1.767e-18, 
180.70922, 1.772e-18, 
180.71038, 1.778e-18, 
180.71156, 1.785e-18, 
180.71273, 1.796e-18, 
180.71390, 1.806e-18, 
180.71507, 1.819e-18, 
180.71624, 1.833e-18, 
180.71741, 1.846e-18, 
180.71858, 1.859e-18, 
180.71976, 1.870e-18, 
180.72093, 1.880e-18, 
180.72210, 1.889e-18, 
180.72327, 1.898e-18, 
180.72444, 1.905e-18, 
180.72561, 1.913e-18, 
180.72679, 1.920e-18, 
180.72796, 1.927e-18, 
180.72913, 1.938e-18, 
180.73030, 1.947e-18, 
180.73147, 1.957e-18, 
180.73264, 1.967e-18, 
180.73381, 1.979e-18, 
180.73498, 1.993e-18, 
180.73616, 2.007e-18, 
180.73733, 2.022e-18, 
180.73850, 2.039e-18, 
180.73967, 2.055e-18, 
180.74084, 2.074e-18, 
180.74201, 2.092e-18, 
180.74318, 2.110e-18, 
180.74436, 2.127e-18, 
180.74553, 2.144e-18, 
180.74670, 2.161e-18, 
180.74787, 2.176e-18, 
180.74904, 2.191e-18, 
180.75021, 2.206e-18, 
180.75138, 2.222e-18, 
180.75256, 2.240e-18, 
180.75373, 2.259e-18, 
180.75490, 2.281e-18, 
180.75607, 2.305e-18, 
180.75724, 2.332e-18, 
180.75841, 2.360e-18, 
180.75958, 2.390e-18, 
180.76075, 2.416e-18, 
180.76193, 2.441e-18, 
180.76310, 2.462e-18, 
180.76427, 2.481e-18, 
180.76544, 2.495e-18, 
180.76661, 2.507e-18, 
180.76778, 2.514e-18, 
180.76896, 2.520e-18, 
180.77013, 2.526e-18, 
180.77130, 2.530e-18, 
180.77247, 2.535e-18, 
180.77364, 2.541e-18, 
180.77481, 2.547e-18, 
180.77598, 2.556e-18, 
180.77716, 2.566e-18, 
180.77833, 2.579e-18, 
180.77950, 2.593e-18, 
180.78067, 2.607e-18, 
180.78184, 2.624e-18, 
180.78301, 2.637e-18, 
180.78418, 2.649e-18, 
180.78536, 2.658e-18, 
180.78653, 2.662e-18, 
180.78770, 2.662e-18, 
180.78887, 2.659e-18, 
180.79004, 2.655e-18, 
180.79121, 2.652e-18, 
180.79238, 2.649e-18, 
180.79355, 2.652e-18, 
180.79473, 2.659e-18, 
180.79590, 2.671e-18, 
180.79707, 2.687e-18, 
180.79824, 2.707e-18, 
180.79941, 2.726e-18, 
180.80058, 2.745e-18, 
180.80175, 2.763e-18, 
180.80292, 2.776e-18, 
180.80409, 2.785e-18, 
180.80527, 2.790e-18, 
180.80644, 2.791e-18, 
180.80761, 2.791e-18, 
180.80878, 2.790e-18, 
180.80995, 2.787e-18, 
180.81112, 2.784e-18, 
180.81230, 2.782e-18, 
180.81347, 2.782e-18, 
180.81464, 2.781e-18, 
180.81581, 2.782e-18, 
180.81698, 2.782e-18, 
180.81815, 2.785e-18, 
180.81932, 2.788e-18, 
180.82050, 2.794e-18, 
180.82167, 2.800e-18, 
180.82284, 2.809e-18, 
180.82401, 2.818e-18, 
180.82518, 2.830e-18, 
180.82635, 2.843e-18, 
180.82752, 2.856e-18, 
180.82869, 2.870e-18, 
180.82987, 2.883e-18, 
180.83104, 2.896e-18, 
180.83221, 2.907e-18, 
180.83338, 2.916e-18, 
180.83455, 2.920e-18, 
180.83572, 2.921e-18, 
180.83690, 2.920e-18, 
180.83807, 2.914e-18, 
180.83924, 2.904e-18, 
180.84041, 2.892e-18, 
180.84158, 2.877e-18, 
180.84275, 2.862e-18, 
180.84392, 2.846e-18, 
180.84509, 2.831e-18, 
180.84626, 2.816e-18, 
180.84744, 2.806e-18, 
180.84861, 2.799e-18, 
180.84978, 2.793e-18, 
180.85095, 2.790e-18, 
180.85212, 2.791e-18, 
180.85329, 2.796e-18, 
180.85446, 2.804e-18, 
180.85564, 2.813e-18, 
180.85681, 2.822e-18, 
180.85798, 2.833e-18, 
180.85915, 2.840e-18, 
180.86032, 2.846e-18, 
180.86149, 2.846e-18, 
180.86266, 2.844e-18, 
180.86384, 2.839e-18, 
180.86501, 2.831e-18, 
180.86618, 2.824e-18, 
180.86735, 2.815e-18, 
180.86852, 2.807e-18, 
180.86969, 2.800e-18, 
180.87087, 2.794e-18, 
180.87204, 2.787e-18, 
180.87321, 2.779e-18, 
180.87438, 2.769e-18, 
180.87555, 2.756e-18, 
180.87672, 2.739e-18, 
180.87789, 2.721e-18, 
180.87906, 2.701e-18, 
180.88024, 2.679e-18, 
180.88141, 2.658e-18, 
180.88258, 2.637e-18, 
180.88375, 2.619e-18, 
180.88492, 2.603e-18, 
180.88609, 2.588e-18, 
180.88726, 2.578e-18, 
180.88843, 2.567e-18, 
180.88961, 2.559e-18, 
180.89078, 2.553e-18, 
180.89195, 2.547e-18, 
180.89312, 2.541e-18, 
180.89429, 2.536e-18, 
180.89546, 2.533e-18, 
180.89664, 2.529e-18, 
180.89781, 2.527e-18, 
180.89898, 2.524e-18, 
180.90015, 2.523e-18, 
180.90132, 2.521e-18, 
180.90249, 2.520e-18, 
180.90366, 2.519e-18, 
180.90483, 2.519e-18, 
180.90600, 2.517e-18, 
180.90718, 2.516e-18, 
180.90835, 2.516e-18, 
180.90952, 2.513e-18, 
180.91069, 2.508e-18, 
180.91186, 2.502e-18, 
180.91303, 2.493e-18, 
180.91421, 2.483e-18, 
180.91538, 2.470e-18, 
180.91655, 2.456e-18, 
180.91772, 2.441e-18, 
180.91889, 2.428e-18, 
180.92006, 2.416e-18, 
180.92123, 2.404e-18, 
180.92241, 2.396e-18, 
180.92358, 2.388e-18, 
180.92475, 2.381e-18, 
180.92592, 2.375e-18, 
180.92709, 2.370e-18, 
180.92826, 2.364e-18, 
180.92943, 2.360e-18, 
180.93061, 2.356e-18, 
180.93178, 2.351e-18, 
180.93295, 2.347e-18, 
180.93412, 2.342e-18, 
180.93529, 2.338e-18, 
180.93646, 2.332e-18, 
180.93763, 2.326e-18, 
180.93880, 2.319e-18, 
180.93997, 2.311e-18, 
180.94115, 2.304e-18, 
180.94232, 2.296e-18, 
180.94349, 2.289e-18, 
180.94466, 2.281e-18, 
180.94583, 2.274e-18, 
180.94700, 2.268e-18, 
180.94818, 2.262e-18, 
180.94935, 2.256e-18, 
180.95052, 2.249e-18, 
180.95169, 2.241e-18, 
180.95286, 2.234e-18, 
180.95403, 2.227e-18, 
180.95520, 2.221e-18, 
180.95638, 2.215e-18, 
180.95755, 2.209e-18, 
180.95872, 2.204e-18, 
180.95989, 2.201e-18, 
180.96106, 2.197e-18, 
180.96223, 2.191e-18, 
180.96340, 2.185e-18, 
180.96458, 2.176e-18, 
180.96574, 2.167e-18, 
180.96692, 2.159e-18, 
180.96809, 2.148e-18, 
180.96926, 2.139e-18, 
180.97043, 2.130e-18, 
180.97160, 2.126e-18, 
180.97277, 2.123e-18, 
180.97394, 2.123e-18, 
180.97512, 2.126e-18, 
180.97629, 2.129e-18, 
180.97746, 2.133e-18, 
180.97863, 2.139e-18, 
180.97980, 2.144e-18, 
180.98097, 2.150e-18, 
180.98215, 2.154e-18, 
180.98332, 2.157e-18, 
180.98449, 2.160e-18, 
180.98566, 2.161e-18, 
180.98683, 2.161e-18, 
180.98800, 2.160e-18, 
180.98917, 2.159e-18, 
180.99035, 2.156e-18, 
180.99151, 2.151e-18, 
180.99269, 2.150e-18, 
180.99386, 2.148e-18, 
180.99503, 2.148e-18, 
180.99620, 2.150e-18, 
180.99737, 2.156e-18, 
180.99854, 2.163e-18, 
180.99971, 2.173e-18, 
181.00089, 2.185e-18, 
181.00206, 2.199e-18, 
181.00323, 2.213e-18, 
181.00440, 2.230e-18, 
181.00557, 2.244e-18, 
181.00675, 2.261e-18, 
181.00791, 2.279e-18, 
181.00909, 2.295e-18, 
181.01026, 2.313e-18, 
181.01143, 2.327e-18, 
181.01260, 2.344e-18, 
181.01377, 2.357e-18, 
181.01494, 2.370e-18, 
181.01612, 2.381e-18, 
181.01729, 2.388e-18, 
181.01846, 2.393e-18, 
181.01963, 2.393e-18, 
181.02080, 2.391e-18, 
181.02197, 2.384e-18, 
181.02314, 2.375e-18, 
181.02431, 2.364e-18, 
181.02548, 2.353e-18, 
181.02666, 2.342e-18, 
181.02783, 2.333e-18, 
181.02900, 2.326e-18, 
181.03017, 2.321e-18, 
181.03134, 2.321e-18, 
181.03251, 2.326e-18, 
181.03369, 2.333e-18, 
181.03486, 2.342e-18, 
181.03603, 2.353e-18, 
181.03720, 2.364e-18, 
181.03837, 2.375e-18, 
181.03954, 2.384e-18, 
181.04071, 2.391e-18, 
181.04188, 2.394e-18, 
181.04306, 2.394e-18, 
181.04423, 2.391e-18, 
181.04540, 2.388e-18, 
181.04657, 2.382e-18, 
181.04774, 2.376e-18, 
181.04891, 2.370e-18, 
181.05009, 2.366e-18, 
181.05126, 2.364e-18, 
181.05243, 2.363e-18, 
181.05360, 2.361e-18, 
181.05477, 2.361e-18, 
181.05594, 2.361e-18, 
181.05711, 2.361e-18, 
181.05828, 2.360e-18, 
181.05946, 2.357e-18, 
181.06063, 2.356e-18, 
181.06180, 2.353e-18, 
181.06297, 2.351e-18, 
181.06414, 2.350e-18, 
181.06531, 2.351e-18, 
181.06648, 2.353e-18, 
181.06766, 2.353e-18, 
181.06883, 2.353e-18, 
181.07000, 2.351e-18, 
181.07117, 2.350e-18, 
181.07234, 2.345e-18, 
181.07351, 2.341e-18, 
181.07468, 2.335e-18, 
181.07586, 2.332e-18, 
181.07703, 2.330e-18, 
181.07820, 2.332e-18, 
181.07937, 2.338e-18, 
181.08054, 2.348e-18, 
181.08171, 2.361e-18, 
181.08288, 2.375e-18, 
181.08405, 2.390e-18, 
181.08522, 2.401e-18, 
181.08640, 2.412e-18, 
181.08757, 2.418e-18, 
181.08874, 2.421e-18, 
181.08991, 2.419e-18, 
181.09108, 2.416e-18, 
181.09226, 2.412e-18, 
181.09343, 2.407e-18, 
181.09460, 2.406e-18, 
181.09577, 2.406e-18, 
181.09694, 2.409e-18, 
181.09811, 2.415e-18, 
181.09928, 2.421e-18, 
181.10045, 2.430e-18, 
181.10163, 2.437e-18, 
181.10280, 2.444e-18, 
181.10397, 2.450e-18, 
181.10514, 2.456e-18, 
181.10631, 2.461e-18, 
181.10748, 2.464e-18, 
181.10865, 2.465e-18, 
181.10983, 2.467e-18, 
181.11100, 2.468e-18, 
181.11217, 2.470e-18, 
181.11334, 2.471e-18, 
181.11451, 2.473e-18, 
181.11568, 2.477e-18, 
181.11685, 2.483e-18, 
181.11803, 2.490e-18, 
181.11920, 2.502e-18, 
181.12037, 2.517e-18, 
181.12154, 2.535e-18, 
181.12271, 2.557e-18, 
181.12388, 2.581e-18, 
181.12505, 2.607e-18, 
181.12622, 2.634e-18, 
181.12739, 2.662e-18, 
181.12857, 2.689e-18, 
181.12974, 2.716e-18, 
181.13091, 2.741e-18, 
181.13208, 2.766e-18, 
181.13325, 2.790e-18, 
181.13442, 2.813e-18, 
181.13559, 2.837e-18, 
181.13677, 2.864e-18, 
181.13794, 2.892e-18, 
181.13911, 2.924e-18, 
181.14028, 2.960e-18, 
181.14145, 2.999e-18, 
181.14263, 3.039e-18, 
181.14379, 3.083e-18, 
181.14496, 3.126e-18, 
181.14614, 3.169e-18, 
181.14731, 3.209e-18, 
181.14848, 3.247e-18, 
181.14965, 3.283e-18, 
181.15082, 3.316e-18, 
181.15199, 3.345e-18, 
181.15317, 3.373e-18, 
181.15434, 3.400e-18, 
181.15551, 3.427e-18, 
181.15668, 3.452e-18, 
181.15785, 3.477e-18, 
181.15902, 3.502e-18, 
181.16019, 3.527e-18, 
181.16137, 3.551e-18, 
181.16254, 3.576e-18, 
181.16371, 3.601e-18, 
181.16488, 3.627e-18, 
181.16605, 3.652e-18, 
181.16722, 3.677e-18, 
181.16839, 3.704e-18, 
181.16957, 3.730e-18, 
181.17074, 3.759e-18, 
181.17191, 3.787e-18, 
181.17308, 3.816e-18, 
181.17425, 3.847e-18, 
181.17542, 3.880e-18, 
181.17659, 3.914e-18, 
181.17776, 3.950e-18, 
181.17894, 3.985e-18, 
181.18011, 4.019e-18, 
181.18128, 4.052e-18, 
181.18245, 4.080e-18, 
181.18362, 4.104e-18, 
181.18479, 4.123e-18, 
181.18596, 4.139e-18, 
181.18714, 4.151e-18, 
181.18831, 4.161e-18, 
181.18948, 4.170e-18, 
181.19065, 4.179e-18, 
181.19182, 4.188e-18, 
181.19299, 4.196e-18, 
181.19417, 4.201e-18, 
181.19533, 4.203e-18, 
181.19651, 4.201e-18, 
181.19768, 4.194e-18, 
181.19885, 4.181e-18, 
181.20002, 4.164e-18, 
181.20119, 4.144e-18, 
181.20236, 4.121e-18, 
181.20354, 4.099e-18, 
181.20471, 4.080e-18, 
181.20588, 4.062e-18, 
181.20705, 4.049e-18, 
181.20822, 4.040e-18, 
181.20939, 4.033e-18, 
181.21056, 4.028e-18, 
181.21174, 4.025e-18, 
181.21291, 4.022e-18, 
181.21408, 4.019e-18, 
181.21525, 4.018e-18, 
181.21642, 4.016e-18, 
181.21759, 4.015e-18, 
181.21876, 4.015e-18, 
181.21994, 4.015e-18, 
181.22110, 4.015e-18, 
181.22228, 4.016e-18, 
181.22345, 4.016e-18, 
181.22462, 4.016e-18, 
181.22579, 4.015e-18, 
181.22696, 4.013e-18, 
181.22813, 4.010e-18, 
181.22931, 4.007e-18, 
181.23048, 4.003e-18, 
181.23165, 3.996e-18, 
181.23282, 3.985e-18, 
181.23399, 3.972e-18, 
181.23516, 3.954e-18, 
181.23633, 3.932e-18, 
181.23750, 3.907e-18, 
181.23868, 3.881e-18, 
181.23985, 3.856e-18, 
181.24102, 3.836e-18, 
181.24219, 3.819e-18, 
181.24336, 3.809e-18, 
181.24453, 3.806e-18, 
181.24571, 3.809e-18, 
181.24688, 3.816e-18, 
181.24805, 3.827e-18, 
181.24922, 3.839e-18, 
181.25039, 3.847e-18, 
181.25156, 3.855e-18, 
181.25273, 3.858e-18, 
181.25391, 3.855e-18, 
181.25508, 3.847e-18, 
181.25625, 3.834e-18, 
181.25742, 3.818e-18, 
181.25859, 3.799e-18, 
181.25976, 3.778e-18, 
181.26093, 3.756e-18, 
181.26210, 3.736e-18, 
181.26328, 3.719e-18, 
181.26445, 3.704e-18, 
181.26562, 3.690e-18, 
181.26679, 3.677e-18, 
181.26796, 3.664e-18, 
181.26913, 3.649e-18, 
181.27030, 3.633e-18, 
181.27147, 3.615e-18, 
181.27265, 3.596e-18, 
181.27382, 3.576e-18, 
181.27499, 3.556e-18, 
181.27616, 3.536e-18, 
181.27733, 3.520e-18, 
181.27850, 3.504e-18, 
181.27968, 3.490e-18, 
181.28085, 3.479e-18, 
181.28202, 3.468e-18, 
181.28319, 3.459e-18, 
181.28436, 3.450e-18, 
181.28553, 3.441e-18, 
181.28670, 3.433e-18, 
181.28788, 3.425e-18, 
181.28905, 3.418e-18, 
181.29022, 3.410e-18, 
181.29139, 3.403e-18, 
181.29256, 3.396e-18, 
181.29373, 3.387e-18, 
181.29490, 3.378e-18, 
181.29608, 3.366e-18, 
181.29725, 3.356e-18, 
181.29842, 3.342e-18, 
181.29959, 3.329e-18, 
181.30076, 3.313e-18, 
181.30193, 3.298e-18, 
181.30310, 3.281e-18, 
181.30427, 3.267e-18, 
181.30544, 3.253e-18, 
181.30662, 3.241e-18, 
181.30779, 3.234e-18, 
181.30896, 3.231e-18, 
181.31013, 3.231e-18, 
181.31130, 3.234e-18, 
181.31247, 3.241e-18, 
181.31365, 3.250e-18, 
181.31482, 3.259e-18, 
181.31599, 3.267e-18, 
181.31716, 3.271e-18, 
181.31833, 3.273e-18, 
181.31950, 3.270e-18, 
181.32067, 3.262e-18, 
181.32184, 3.253e-18, 
181.32302, 3.241e-18, 
181.32419, 3.228e-18, 
181.32536, 3.215e-18, 
181.32653, 3.203e-18, 
181.32770, 3.193e-18, 
181.32887, 3.182e-18, 
181.33004, 3.175e-18, 
181.33122, 3.169e-18, 
181.33239, 3.163e-18, 
181.33356, 3.160e-18, 
181.33473, 3.156e-18, 
181.33590, 3.151e-18, 
181.33707, 3.147e-18, 
181.33824, 3.144e-18, 
181.33942, 3.142e-18, 
181.34059, 3.144e-18, 
181.34176, 3.145e-18, 
181.34293, 3.151e-18, 
181.34410, 3.159e-18, 
181.34527, 3.167e-18, 
181.34644, 3.178e-18, 
181.34761, 3.188e-18, 
181.34879, 3.199e-18, 
181.34996, 3.206e-18, 
181.35113, 3.212e-18, 
181.35230, 3.215e-18, 
181.35347, 3.218e-18, 
181.35464, 3.219e-18, 
181.35581, 3.221e-18, 
181.35698, 3.222e-18, 
181.35816, 3.227e-18, 
181.35933, 3.231e-18, 
181.36050, 3.237e-18, 
181.36167, 3.241e-18, 
181.36284, 3.246e-18, 
181.36401, 3.246e-18, 
181.36518, 3.243e-18, 
181.36636, 3.234e-18, 
181.36753, 3.221e-18, 
181.36870, 3.203e-18, 
181.36987, 3.182e-18, 
181.37104, 3.159e-18, 
181.37221, 3.136e-18, 
181.37339, 3.114e-18, 
181.37456, 3.096e-18, 
181.37573, 3.080e-18, 
181.37690, 3.068e-18, 
181.37807, 3.059e-18, 
181.37924, 3.052e-18, 
181.38041, 3.046e-18, 
181.38158, 3.040e-18, 
181.38275, 3.034e-18, 
181.38393, 3.030e-18, 
181.38510, 3.024e-18, 
181.38627, 3.019e-18, 
181.38744, 3.016e-18, 
181.38861, 3.012e-18, 
181.38979, 3.009e-18, 
181.39096, 3.006e-18, 
181.39213, 3.003e-18, 
181.39330, 2.999e-18, 
181.39447, 2.994e-18, 
181.39564, 2.991e-18, 
181.39681, 2.987e-18, 
181.39798, 2.982e-18, 
181.39916, 2.981e-18, 
181.40033, 2.978e-18, 
181.40150, 2.979e-18, 
181.40267, 2.981e-18, 
181.40384, 2.984e-18, 
181.40501, 2.988e-18, 
181.40618, 2.993e-18, 
181.40735, 2.997e-18, 
181.40853, 3.000e-18, 
181.40970, 2.999e-18, 
181.41087, 2.996e-18, 
181.41204, 2.988e-18, 
181.41321, 2.979e-18, 
181.41438, 2.966e-18, 
181.41555, 2.953e-18, 
181.41673, 2.936e-18, 
181.41790, 2.919e-18, 
181.41907, 2.901e-18, 
181.42024, 2.883e-18, 
181.42141, 2.864e-18, 
181.42258, 2.844e-18, 
181.42375, 2.827e-18, 
181.42493, 2.810e-18, 
181.42610, 2.797e-18, 
181.42727, 2.787e-18, 
181.42844, 2.781e-18, 
181.42961, 2.778e-18, 
181.43078, 2.779e-18, 
181.43195, 2.781e-18, 
181.43312, 2.781e-18, 
181.43430, 2.779e-18, 
181.43547, 2.773e-18, 
181.43664, 2.760e-18, 
181.43781, 2.742e-18, 
181.43898, 2.719e-18, 
181.44015, 2.690e-18, 
181.44132, 2.661e-18, 
181.44250, 2.631e-18, 
181.44367, 2.604e-18, 
181.44484, 2.581e-18, 
181.44601, 2.561e-18, 
181.44718, 2.548e-18, 
181.44835, 2.536e-18, 
181.44952, 2.529e-18, 
181.45069, 2.521e-18, 
181.45187, 2.516e-18, 
181.45304, 2.510e-18, 
181.45421, 2.502e-18, 
181.45538, 2.496e-18, 
181.45655, 2.492e-18, 
181.45772, 2.490e-18, 
181.45890, 2.490e-18, 
181.46007, 2.495e-18, 
181.46124, 2.499e-18, 
181.46241, 2.505e-18, 
181.46358, 2.511e-18, 
181.46475, 2.516e-18, 
181.46592, 2.516e-18, 
181.46710, 2.511e-18, 
181.46826, 2.504e-18, 
181.46944, 2.490e-18, 
181.47061, 2.476e-18, 
181.47178, 2.458e-18, 
181.47295, 2.440e-18, 
181.47412, 2.422e-18, 
181.47530, 2.407e-18, 
181.47646, 2.394e-18, 
181.47764, 2.382e-18, 
181.47881, 2.372e-18, 
181.47998, 2.364e-18, 
181.48115, 2.356e-18, 
181.48232, 2.348e-18, 
181.48349, 2.338e-18, 
181.48467, 2.327e-18, 
181.48584, 2.317e-18, 
181.48701, 2.307e-18, 
181.48818, 2.296e-18, 
181.48935, 2.287e-18, 
181.49052, 2.280e-18, 
181.49169, 2.274e-18, 
181.49286, 2.268e-18, 
181.49404, 2.264e-18, 
181.49521, 2.259e-18, 
181.49638, 2.253e-18, 
181.49755, 2.249e-18, 
181.49872, 2.243e-18, 
181.49989, 2.237e-18, 
181.50106, 2.231e-18, 
181.50224, 2.227e-18, 
181.50341, 2.225e-18, 
181.50458, 2.225e-18, 
181.50575, 2.227e-18, 
181.50692, 2.228e-18, 
181.50809, 2.230e-18, 
181.50926, 2.230e-18, 
181.51044, 2.227e-18, 
181.51161, 2.221e-18, 
181.51278, 2.210e-18, 
181.51395, 2.197e-18, 
181.51512, 2.179e-18, 
181.51629, 2.160e-18, 
181.51746, 2.138e-18, 
181.51864, 2.116e-18, 
181.51981, 2.095e-18, 
181.52098, 2.076e-18, 
181.52215, 2.058e-18, 
181.52332, 2.043e-18, 
181.52449, 2.030e-18, 
181.52566, 2.019e-18, 
181.52683, 2.009e-18, 
181.52801, 2.000e-18, 
181.52918, 1.991e-18, 
181.53035, 1.982e-18, 
181.53152, 1.973e-18, 
181.53269, 1.961e-18, 
181.53386, 1.951e-18, 
181.53503, 1.939e-18, 
181.53621, 1.929e-18, 
181.53738, 1.920e-18, 
181.53855, 1.913e-18, 
181.53972, 1.910e-18, 
181.54089, 1.908e-18, 
181.54206, 1.908e-18, 
181.54323, 1.910e-18, 
181.54441, 1.911e-18, 
181.54558, 1.913e-18, 
181.54675, 1.913e-18, 
181.54792, 1.911e-18, 
181.54909, 1.908e-18, 
181.55026, 1.902e-18, 
181.55143, 1.898e-18, 
181.55261, 1.893e-18, 
181.55378, 1.889e-18, 
181.55495, 1.886e-18, 
181.55612, 1.883e-18, 
181.55729, 1.881e-18, 
181.55846, 1.879e-18, 
181.55963, 1.874e-18, 
181.56080, 1.868e-18, 
181.56197, 1.859e-18, 
181.56315, 1.849e-18, 
181.56432, 1.837e-18, 
181.56549, 1.825e-18, 
181.56666, 1.815e-18, 
181.56783, 1.807e-18, 
181.56900, 1.801e-18, 
181.57018, 1.800e-18, 
181.57135, 1.800e-18, 
181.57252, 1.803e-18, 
181.57369, 1.804e-18, 
181.57486, 1.807e-18, 
181.57603, 1.809e-18, 
181.57721, 1.807e-18, 
181.57838, 1.804e-18, 
181.57955, 1.800e-18, 
181.58072, 1.793e-18, 
181.58189, 1.785e-18, 
181.58306, 1.775e-18, 
181.58423, 1.764e-18, 
181.58540, 1.754e-18, 
181.58658, 1.745e-18, 
181.58775, 1.736e-18, 
181.58892, 1.730e-18, 
181.59009, 1.727e-18, 
181.59126, 1.726e-18, 
181.59243, 1.729e-18, 
181.59360, 1.733e-18, 
181.59477, 1.741e-18, 
181.59594, 1.747e-18, 
181.59712, 1.753e-18, 
181.59829, 1.756e-18, 
181.59946, 1.756e-18, 
181.60063, 1.753e-18, 
181.60180, 1.745e-18, 
181.60298, 1.736e-18, 
181.60415, 1.726e-18, 
181.60532, 1.717e-18, 
181.60649, 1.708e-18, 
181.60766, 1.699e-18, 
181.60883, 1.692e-18, 
181.61000, 1.686e-18, 
181.61117, 1.680e-18, 
181.61235, 1.673e-18, 
181.61352, 1.665e-18, 
181.61469, 1.655e-18, 
181.61586, 1.646e-18, 
181.61703, 1.634e-18, 
181.61820, 1.624e-18, 
181.61937, 1.615e-18, 
181.62055, 1.607e-18, 
181.62172, 1.603e-18, 
181.62289, 1.603e-18, 
181.62406, 1.604e-18, 
181.62523, 1.610e-18, 
181.62640, 1.619e-18, 
181.62757, 1.630e-18, 
181.62875, 1.641e-18, 
181.62992, 1.653e-18, 
181.63109, 1.665e-18, 
181.63226, 1.676e-18, 
181.63343, 1.683e-18, 
181.63460, 1.687e-18, 
181.63577, 1.689e-18, 
181.63694, 1.689e-18, 
181.63812, 1.689e-18, 
181.63929, 1.687e-18, 
181.64046, 1.687e-18, 
181.64163, 1.687e-18, 
181.64280, 1.690e-18, 
181.64397, 1.695e-18, 
181.64514, 1.701e-18, 
181.64631, 1.707e-18, 
181.64749, 1.713e-18, 
181.64866, 1.717e-18, 
181.64983, 1.719e-18, 
181.65100, 1.719e-18, 
181.65217, 1.719e-18, 
181.65334, 1.717e-18, 
181.65451, 1.714e-18, 
181.65569, 1.713e-18, 
181.65686, 1.713e-18, 
181.65803, 1.713e-18, 
181.65920, 1.713e-18, 
181.66037, 1.713e-18, 
181.66154, 1.714e-18, 
181.66271, 1.713e-18, 
181.66389, 1.713e-18, 
181.66506, 1.713e-18, 
181.66623, 1.713e-18, 
181.66740, 1.714e-18, 
181.66857, 1.719e-18, 
181.66974, 1.724e-18, 
181.67091, 1.733e-18, 
181.67208, 1.744e-18, 
181.67326, 1.757e-18, 
181.67443, 1.770e-18, 
181.67560, 1.785e-18, 
181.67677, 1.799e-18, 
181.67794, 1.810e-18, 
181.67911, 1.821e-18, 
181.68029, 1.828e-18, 
181.68146, 1.837e-18, 
181.68263, 1.844e-18, 
181.68380, 1.855e-18, 
181.68497, 1.867e-18, 
181.68614, 1.880e-18, 
181.68731, 1.898e-18, 
181.68849, 1.919e-18, 
181.68966, 1.942e-18, 
181.69083, 1.969e-18, 
181.69200, 1.994e-18, 
181.69317, 2.021e-18, 
181.69434, 2.047e-18, 
181.69551, 2.071e-18, 
181.69669, 2.093e-18, 
181.69785, 2.113e-18, 
181.69903, 2.130e-18, 
181.70020, 2.148e-18, 
181.70137, 2.163e-18, 
181.70254, 2.176e-18, 
181.70371, 2.188e-18, 
181.70488, 2.199e-18, 
181.70606, 2.207e-18, 
181.70723, 2.215e-18, 
181.70840, 2.221e-18, 
181.70957, 2.225e-18, 
181.71074, 2.231e-18, 
181.71191, 2.239e-18, 
181.71308, 2.247e-18, 
181.71425, 2.259e-18, 
181.71543, 2.273e-18, 
181.71660, 2.289e-18, 
181.71777, 2.305e-18, 
181.71894, 2.323e-18, 
181.72011, 2.339e-18, 
181.72128, 2.356e-18, 
181.72245, 2.372e-18, 
181.72363, 2.388e-18, 
181.72480, 2.404e-18, 
181.72597, 2.421e-18, 
181.72714, 2.437e-18, 
181.72831, 2.455e-18, 
181.72948, 2.471e-18, 
181.73065, 2.487e-18, 
181.73183, 2.502e-18, 
181.73300, 2.514e-18, 
181.73417, 2.523e-18, 
181.73534, 2.529e-18, 
181.73651, 2.532e-18, 
181.73768, 2.532e-18, 
181.73885, 2.532e-18, 
181.74002, 2.530e-18, 
181.74119, 2.532e-18, 
181.74236, 2.533e-18, 
181.74353, 2.536e-18, 
181.74470, 2.542e-18, 
181.74587, 2.548e-18, 
181.74704, 2.554e-18, 
181.74822, 2.557e-18, 
181.74938, 2.561e-18, 
181.75055, 2.563e-18, 
181.75173, 2.564e-18, 
181.75289, 2.563e-18, 
181.75407, 2.563e-18, 
181.75524, 2.564e-18, 
181.75640, 2.566e-18, 
181.75758, 2.570e-18, 
181.75874, 2.575e-18, 
181.75992, 2.581e-18, 
181.76109, 2.587e-18, 
181.76226, 2.594e-18, 
181.76343, 2.599e-18, 
181.76459, 2.600e-18, 
181.76577, 2.600e-18, 
181.76693, 2.597e-18, 
181.76811, 2.593e-18, 
181.76927, 2.588e-18, 
181.77045, 2.582e-18, 
181.77161, 2.576e-18, 
181.77278, 2.573e-18, 
181.77395, 2.569e-18, 
181.77512, 2.567e-18, 
181.77629, 2.567e-18, 
181.77746, 2.566e-18, 
181.77863, 2.564e-18, 
181.77980, 2.560e-18, 
181.78097, 2.553e-18, 
181.78214, 2.545e-18, 
181.78331, 2.536e-18, 
181.78448, 2.524e-18, 
181.78565, 2.516e-18, 
181.78682, 2.507e-18, 
181.78798, 2.499e-18, 
181.78915, 2.496e-18, 
181.79032, 2.493e-18, 
181.79149, 2.493e-18, 
181.79266, 2.493e-18, 
181.79382, 2.493e-18, 
181.79500, 2.492e-18, 
181.79616, 2.487e-18, 
181.79733, 2.483e-18, 
181.79850, 2.477e-18, 
181.79967, 2.470e-18, 
181.80084, 2.462e-18, 
181.80201, 2.458e-18, 
181.80317, 2.455e-18, 
181.80434, 2.453e-18, 
181.80551, 2.455e-18, 
181.80668, 2.459e-18, 
181.80785, 2.465e-18, 
181.80902, 2.473e-18, 
181.81019, 2.481e-18, 
181.81135, 2.490e-18, 
181.81252, 2.498e-18, 
181.81369, 2.505e-18, 
181.81486, 2.511e-18, 
181.81603, 2.514e-18, 
181.81719, 2.517e-18