238.9581, 3.697236E-20, 
239.0867, 3.657154E-20, 
239.2152, 3.531056E-20, 
239.3437, 3.567957E-20, 
239.4721, 3.789054E-20, 
239.6005, 4.102039E-20, 
239.7288, 4.323826E-20, 
239.8570, 4.342642E-20, 
239.9852, 4.513344E-20, 
240.1133, 4.957040E-20, 
240.2414, 5.218655E-20, 
240.3694, 4.986789E-20, 
240.4973, 4.587290E-20, 
240.6252, 4.337278E-20, 
240.7530, 4.198012E-20, 
240.8808, 4.212642E-20, 
241.0084, 4.422928E-20, 
241.1361, 4.624639E-20, 
241.2636, 4.607529E-20, 
241.3911, 4.545044E-20, 
241.5185, 4.632299E-20, 
241.6459, 4.789031E-20, 
241.7732, 4.879822E-20, 
241.9005, 4.864531E-20, 
242.0277, 4.764646E-20, 
242.1548, 4.664680E-20, 
242.2818, 4.629383E-20, 
242.4088, 4.792709E-20, 
242.5358, 5.073973E-20, 
242.6626, 5.166746E-20, 
242.7894, 5.103692E-20, 
242.9162, 5.018905E-20, 
243.0429, 4.786856E-20, 
243.1695, 4.528808E-20, 
243.2960, 4.486754E-20, 
243.4225, 4.811657E-20, 
243.5489, 5.328964E-20, 
243.6753, 5.702290E-20, 
243.8016, 5.890711E-20, 
243.9278, 5.960674E-20, 
244.0540, 5.948736E-20, 
244.1801, 6.007838E-20, 
244.3062, 5.981432E-20, 
244.4322, 6.009768E-20, 
244.5581, 6.155212E-20, 
244.6839, 6.265724E-20, 
244.8097, 6.547873E-20, 
244.9355, 6.854081E-20, 
245.0611, 6.784392E-20, 
245.1867, 6.742746E-20, 
245.3123, 7.577965E-20, 
245.4377, 8.654347E-20, 
245.5632, 8.623053E-20, 
245.6885, 7.725511E-20, 
245.8138, 6.626300E-20, 
245.9390, 5.900272E-20, 
246.0642, 5.824782E-20, 
246.1893, 6.265643E-20, 
246.3143, 7.131546E-20, 
246.4393, 7.683042E-20, 
246.5642, 7.432054E-20, 
246.6890, 7.137937E-20, 
246.8138, 7.247789E-20, 
246.9385, 7.729972E-20, 
247.0632, 8.132681E-20, 
247.1878, 7.970016E-20, 
247.3123, 7.540951E-20, 
247.4367, 7.422331E-20, 
247.5611, 7.680451E-20, 
247.6855, 8.240857E-20, 
247.8098, 8.916307E-20, 
247.9340, 9.208616E-20, 
248.0581, 9.017584E-20, 
248.1822, 8.605557E-20, 
248.3062, 8.556768E-20, 
248.4302, 8.838216E-20, 
248.5541, 8.931009E-20, 
248.6779, 8.631862E-20, 
248.8017, 8.341768E-20, 
248.9254, 8.341240E-20, 
249.0490, 8.738991E-20, 
249.1726, 9.360480E-20, 
249.2961, 9.251868E-20, 
249.4196, 9.092109E-20, 
249.5430, 1.038952E-19, 
249.6663, 1.219976E-19, 
249.7896, 1.238600E-19, 
249.9128, 1.124826E-19, 
250.0359, 1.029960E-19, 
250.1590, 1.024199E-19, 
250.2820, 1.117703E-19, 
250.4050, 1.192564E-19, 
250.5279, 1.140167E-19, 
250.6507, 1.050859E-19, 
250.7735, 1.020765E-19, 
250.8962, 1.038606E-19, 
251.0189, 1.127985E-19, 
251.1414, 1.318550E-19, 
251.2640, 1.453579E-19, 
251.3864, 1.406253E-19, 
251.5088, 1.292540E-19, 
251.6312, 1.228053E-19, 
251.7535, 1.218665E-19, 
251.8757, 1.213097E-19, 
251.9978, 1.181601E-19, 
252.1199, 1.179955E-19, 
252.2420, 1.234739E-19, 
252.3639, 1.310828E-19, 
252.4858, 1.326465E-19, 
252.6077, 1.290152E-19, 
252.7295, 1.249207E-19, 
252.8512, 1.201505E-19, 
252.9729, 1.213758E-19, 
253.0945, 1.305220E-19, 
253.2160, 1.371089E-19, 
253.3375, 1.409453E-19, 
253.4590, 1.467641E-19, 
253.5803, 1.530228E-19, 
253.7016, 1.599053E-19, 
253.8229, 1.645160E-19, 
253.9441, 1.609101E-19, 
254.0652, 1.552489E-19, 
254.1863, 1.526479E-19, 
254.3073, 1.534800E-19, 
254.4282, 1.565717E-19, 
254.5491, 1.617118E-19, 
254.6699, 1.636605E-19, 
254.7907, 1.599917E-19, 
254.9114, 1.596686E-19, 
255.0321, 1.619221E-19, 
255.1527, 1.631728E-19, 
255.2732, 1.774794E-19, 
255.3937, 2.043104E-19, 
255.5141, 2.173358E-19, 
255.6345, 2.142674E-19, 
255.7548, 2.125748E-19, 
255.8750, 2.141476E-19, 
255.9952, 2.039670E-19, 
256.1153, 1.864905E-19, 
256.2354, 1.708367E-19, 
256.3554, 1.612342E-19, 
256.4754, 1.546281E-19, 
256.5953, 1.503212E-19, 
256.7151, 1.551483E-19, 
256.8349, 1.784964E-19, 
256.9546, 1.960075E-19, 
257.0743, 1.871854E-19, 
257.1939, 1.831264E-19, 
257.3135, 2.140927E-19, 
257.4330, 2.534035E-19, 
257.5524, 2.585517E-19, 
257.6718, 2.422557E-19, 
257.7911, 2.162985E-19, 
257.9104, 1.924535E-19, 
258.0296, 1.904509E-19, 
258.1488, 2.173196E-19, 
258.2679, 2.471326E-19, 
258.3869, 2.527187E-19, 
258.5059, 2.456879E-19, 
258.6249, 2.323567E-19, 
258.7438, 2.156350E-19, 
258.8626, 2.034895E-19, 
258.9814, 2.097868E-19, 
259.1001, 2.335881E-19, 
259.2188, 2.435451E-19, 
259.3374, 2.394292E-19, 
259.4559, 2.394912E-19, 
259.5745, 2.474710E-19, 
259.6929, 2.537937E-19, 
259.8113, 2.611832E-19, 
259.9296, 2.691183E-19, 
260.0479, 2.627377E-19, 
260.1662, 2.545313E-19, 
260.2844, 2.590140E-19, 
260.4025, 2.601926E-19, 
260.5206, 2.569271E-19, 
260.6386, 2.705448E-19, 
260.7566, 2.865806E-19, 
260.8745, 2.786161E-19, 
260.9924, 2.684792E-19, 
261.1102, 2.806024E-19, 
261.2279, 3.129809E-19, 
261.3457, 3.424831E-19, 
261.4633, 3.460442E-19, 
261.5809, 3.259219E-19, 
261.6985, 3.023340E-19, 
261.8160, 2.973159E-19, 
261.9334, 3.159182E-19, 
262.0509, 3.402803E-19, 
262.1682, 3.442438E-19, 
262.2855, 3.357702E-19, 
262.4028, 3.213438E-19, 
262.5200, 3.028359E-19, 
262.6371, 2.977345E-19, 
262.7542, 3.064316E-19, 
262.8713, 3.101858E-19, 
262.9883, 2.999494E-19, 
263.1052, 3.014572E-19, 
263.2221, 3.085714E-19, 
263.3390, 2.957258E-19, 
263.4558, 2.701282E-19, 
263.5726, 2.658193E-19, 
263.6893, 3.089168E-19, 
263.8059, 3.578991E-19, 
263.9226, 3.493229E-19, 
264.0391, 3.234967E-19, 
264.1556, 3.244761E-19, 
264.2721, 3.504466E-19, 
264.3885, 3.746696E-19, 
264.5049, 3.835638E-19, 
264.6212, 4.087977E-19, 
264.7375, 4.383120E-19, 
264.8538, 4.219328E-19, 
264.9699, 3.890686E-19, 
265.0861, 3.698800E-19, 
265.2022, 3.751034E-19, 
265.3182, 4.116456E-19, 
265.4342, 4.313472E-19, 
265.5502, 4.015270E-19, 
265.6661, 3.577376E-19, 
265.7820, 3.359927E-19, 
265.8978, 3.599871E-19, 
266.0136, 4.172662E-19, 
266.1293, 4.494415E-19, 
266.2450, 4.488614E-19, 
266.3606, 4.492099E-19, 
266.4762, 4.437163E-19, 
266.5918, 4.179063E-19, 
266.7073, 3.982209E-19, 
266.8228, 4.191743E-19, 
266.9382, 4.814777E-19, 
267.0536, 5.017097E-19, 
267.1689, 4.579426E-19, 
267.2842, 4.199576E-19, 
267.3994, 4.009276E-19, 
267.5146, 3.929031E-19, 
267.6298, 4.255793E-19, 
267.7449, 4.669343E-19, 
267.8600, 4.557632E-19, 
267.9750, 4.159850E-19, 
268.0900, 3.867998E-19, 
268.2050, 3.936092E-19, 
268.3199, 4.562915E-19, 
268.4348, 5.392750E-19, 
268.5496, 6.024003E-19, 
268.6644, 6.237733E-19, 
268.7792, 5.765477E-19, 
268.8939, 5.010696E-19, 
269.0085, 4.472418E-19, 
269.1232, 4.335571E-19, 
269.2378, 4.569652E-19, 
269.3523, 4.998463E-19, 
269.4668, 4.973946E-19, 
269.5813, 4.506100E-19, 
269.6957, 4.274112E-19, 
269.8101, 4.485129E-19, 
269.9245, 4.787903E-19, 
270.0388, 5.103255E-19, 
270.1531, 5.491100E-19, 
270.2673, 5.584960E-19, 
270.3815, 5.281587E-19, 
270.4957, 4.998239E-19, 
270.6098, 5.034267E-19, 
270.7239, 5.079104E-19, 
270.8379, 4.795381E-19, 
270.9519, 4.594483E-19, 
271.0659, 4.902276E-19, 
271.1799, 5.414828E-19, 
271.2938, 5.627714E-19, 
271.4076, 5.578163E-19, 
271.5215, 5.652485E-19, 
271.6353, 5.818675E-19, 
271.7490, 5.926018E-19, 
271.8628, 6.044557E-19, 
271.9764, 6.054128E-19, 
272.0901, 5.971840E-19, 
272.2037, 5.951815E-19, 
272.3173, 6.125849E-19, 
272.4309, 6.115648E-19, 
272.5444, 5.911753E-19, 
272.6579, 5.954934E-19, 
272.7713, 6.163370E-19, 
272.8847, 6.143385E-19, 
272.9981, 6.029266E-19, 
273.1115, 5.936839E-19, 
273.2248, 5.993411E-19, 
273.3381, 6.461521E-19, 
273.4513, 7.200432E-19, 
273.5645, 7.451745E-19, 
273.6777, 7.098850E-19, 
273.7909, 6.794034E-19, 
273.9040, 6.565846E-19, 
274.0171, 6.059198E-19, 
274.1301, 5.428280E-19, 
274.2431, 5.058713E-19, 
274.3561, 5.111739E-19, 
274.4691, 5.533174E-19, 
274.5820, 6.141201E-19, 
274.6949, 6.699839E-19, 
274.8078, 6.945950E-19, 
274.9207, 6.888047E-19, 
275.0335, 6.742878E-19, 
275.1462, 6.802620E-19, 
275.2590, 6.816224E-19, 
275.3717, 6.677476E-19, 
275.4844, 6.658223E-19, 
275.5971, 6.438336E-19, 
275.7097, 6.175431E-19, 
275.8223, 6.283586E-19, 
275.9349, 6.257413E-19, 
276.0474, 5.990169E-19, 
276.1600, 5.911448E-19, 
276.2725, 6.136791E-19, 
276.3849, 6.791799E-19, 
276.4974, 7.505655E-19, 
276.6098, 7.607175E-19, 
276.7222, 7.299291E-19, 
276.8345, 6.896480E-19, 
276.9468, 6.525815E-19, 
277.0591, 6.582052E-19, 
277.1714, 7.229500E-19, 
277.2837, 7.497791E-19, 
277.3959, 6.977182E-19, 
277.5081, 6.491839E-19, 
277.6203, 6.331329E-19, 
277.7324, 6.750874E-19, 
277.8445, 7.590950E-19, 
277.9566, 8.171148E-19, 
278.0687, 8.364303E-19, 
278.1807, 8.220343E-19, 
278.2928, 7.684942E-19, 
278.4048, 6.982181E-19, 
278.5167, 6.391741E-19, 
278.6287, 5.897945E-19, 
278.7406, 5.898799E-19, 
278.8525, 6.853309E-19, 
278.9644, 8.174907E-19, 
279.0762, 8.788482E-19, 
279.1881, 8.236651E-19, 
279.2999, 7.227468E-19, 
279.4117, 6.380819E-19, 
279.5234, 5.953704E-19, 
279.6352, 6.633523E-19, 
279.7469, 8.481054E-19, 
279.8586, 9.751232E-19, 
279.9703, 9.480208E-19, 
280.0819, 8.709547E-19, 
280.1935, 8.262925E-19, 
280.3052, 7.925860E-19, 
280.4167, 7.431211E-19, 
280.5283, 7.151358E-19, 
280.6399, 7.092348E-19, 
280.7514, 6.949343E-19, 
280.8629, 6.566740E-19, 
280.9744, 6.390969E-19, 
281.0858, 6.813806E-19, 
281.1973, 7.360374E-19, 
281.3087, 7.676570E-19, 
281.4201, 8.284383E-19, 
281.5315, 9.041318E-19, 
281.6429, 9.192675E-19, 
281.7542, 9.095299E-19, 
281.8656, 9.173319E-19, 
281.9769, 8.865089E-19, 
282.0882, 8.411020E-19, 
282.1994, 7.939312E-19, 
282.3107, 7.286794E-19, 
282.4219, 6.695247E-19, 
282.5331, 6.532877E-19, 
282.6443, 6.526628E-19, 
282.7555, 6.318090E-19, 
282.8667, 6.009220E-19, 
282.9778, 6.029926E-19, 
283.0890, 7.248378E-19, 
283.2001, 9.137942E-19, 
283.3112, 9.866692E-19, 
283.4223, 9.437607E-19, 
283.5333, 8.937400E-19, 
283.6444, 8.525942E-19, 
283.7554, 8.043983E-19, 
283.8664, 7.731790E-19, 
283.9774, 7.363341E-19, 
284.0884, 6.874219E-19, 
284.1994, 6.651060E-19, 
284.3104, 6.863936E-19, 
284.4213, 7.317610E-19, 
284.5322, 7.383214E-19, 
284.6431, 7.304574E-19, 
284.7540, 7.685897E-19, 
284.8649, 8.257479E-19, 
284.9758, 8.457564E-19, 
285.0866, 8.809381E-19, 
285.1975, 9.854500E-19, 
285.3083, 1.061568E-18, 
285.4191, 1.030864E-18, 
285.5299, 9.450510E-19, 
285.6407, 8.655515E-19, 
285.7515, 8.067717E-19, 
285.8622, 7.749225E-19, 
285.9730, 7.342248E-19, 
286.0837, 6.852496E-19, 
286.1944, 6.584643E-19, 
286.3051, 6.317501E-19, 
286.4158, 6.195964E-19, 
286.5265, 6.799043E-19, 
286.6372, 8.278114E-19, 
286.7478, 9.767915E-19, 
286.8585, 1.038769E-18, 
286.9691, 1.030488E-18, 
287.0797, 1.003522E-18, 
287.1903, 9.555028E-19, 
287.3009, 8.798449E-19, 
287.4115, 8.415206E-19, 
287.5221, 8.254126E-19, 
287.6327, 7.888684E-19, 
287.7432, 7.492172E-19, 
287.8538, 7.263354E-19, 
287.9643, 7.034628E-19, 
288.0748, 6.894041E-19, 
288.1853, 6.799368E-19, 
288.2958, 6.572359E-19, 
288.4063, 6.643440E-19, 
288.5168, 7.159751E-19, 
288.6273, 8.127530E-19, 
288.7377, 9.587358E-19, 
288.8482, 1.057758E-18, 
288.9586, 1.040029E-18, 
289.0691, 9.574261E-19, 
289.1795, 8.740668E-19, 
289.2899, 7.720685E-19, 
289.4003, 6.741679E-19, 
289.5107, 6.279562E-19, 
289.6211, 6.279674E-19, 
289.7315, 6.665112E-19, 
289.8419, 6.954535E-19, 
289.9522, 7.194986E-19, 
290.0626, 7.879550E-19, 
290.1729, 8.628093E-19, 
290.2833, 8.507958E-19, 
290.3936, 8.117492E-19, 
290.5039, 8.232790E-19, 
290.6142, 8.946676E-19, 
290.7245, 1.000025E-18, 
290.8348, 1.006366E-18, 
290.9451, 8.928388E-19, 
291.0554, 7.925901E-19, 
291.1657, 7.306068E-19, 
291.2760, 6.710904E-19, 
291.3862, 6.132483E-19, 
291.4965, 5.648269E-19, 
291.6067, 5.480361E-19, 
291.7170, 5.956305E-19, 
291.8272, 6.944192E-19, 
291.9374, 7.706065E-19, 
292.0476, 7.903030E-19, 
292.1579, 8.512693E-19, 
292.2681, 9.502063E-19, 
292.3783, 9.923203E-19, 
292.4885, 9.938911E-19, 
292.5987, 9.624107E-19, 
292.7088, 8.903139E-19, 
292.8190, 8.128983E-19, 
292.9292, 7.313617E-19, 
293.0393, 6.579837E-19, 
293.1495, 5.956448E-19, 
293.2597, 5.367776E-19, 
293.3698, 4.952122E-19, 
293.4800, 4.932950E-19, 
293.5901, 5.230400E-19, 
293.7002, 5.900435E-19, 
293.8103, 7.534814E-19, 
293.9205, 9.283141E-19, 
294.0306, 9.800244E-19, 
294.1407, 9.426176E-19, 
294.2508, 8.989339E-19, 
294.3609, 9.137464E-19, 
294.4710, 9.550253E-19, 
294.5811, 9.606672E-19, 
294.6912, 8.856514E-19, 
294.8013, 7.550410E-19, 
294.9113, 6.459916E-19, 
295.0214, 5.728758E-19, 
295.1315, 5.135311E-19, 
295.2415, 4.557602E-19, 
295.3516, 4.121414E-19, 
295.4616, 3.988397E-19, 
295.5717, 4.173180E-19, 
295.6817, 4.762573E-19, 
295.7918, 6.000980E-19, 
295.9018, 7.735163E-19, 
296.0118, 9.270746E-19, 
296.1219, 1.024280E-18, 
296.2319, 1.080476E-18, 
296.3419, 1.041735E-18, 
296.4519, 9.140268E-19, 
296.5619, 7.685846E-19, 
296.6719, 6.481710E-19, 
296.7819, 5.676341E-19, 
296.8919, 5.269730E-19, 
297.0019, 4.973276E-19, 
297.1119, 4.342947E-19, 
297.2219, 3.631997E-19, 
297.3319, 3.154478E-19, 
297.4419, 2.903948E-19, 
297.5518, 3.031600E-19, 
297.6618, 3.626155E-19, 
297.7718, 4.809006E-19, 
297.8817, 7.014754E-19, 
297.9917, 9.472568E-19, 
298.1016, 1.050168E-18, 
298.2116, 1.014984E-18, 
298.3215, 9.510912E-19, 
298.4315, 8.939493E-19, 
298.5414, 8.088261E-19, 
298.6513, 6.949496E-19, 
298.7613, 5.856695E-19, 
298.8712, 4.985752E-19, 
298.9811, 4.319507E-19, 
299.0910, 3.770166E-19, 
299.2010, 3.294841E-19, 
299.3109, 2.890343E-19, 
299.4208, 2.674571E-19, 
299.5307, 2.678483E-19, 
299.6406, 2.780999E-19, 
299.7505, 3.064824E-19, 
299.8604, 4.210184E-19, 
299.9703, 7.039180E-19, 
300.0801, 1.064047E-18, 
300.1900, 1.154991E-18, 
300.2999, 1.014949E-18, 
300.4098, 8.677339E-19, 
300.5196, 7.377372E-19, 
300.6295, 6.185073E-19, 
300.7393, 5.153619E-19, 
300.8492, 4.325492E-19, 
300.9591, 3.737206E-19, 
301.0689, 3.275313E-19, 
301.1787, 2.851216E-19, 
301.2886, 2.467638E-19, 
301.3984, 2.174831E-19, 
301.5082, 1.999294E-19, 
301.6181, 2.049912E-19, 
301.7279, 2.533659E-19, 
301.8377, 3.583736E-19, 
301.9475, 5.460752E-19, 
302.0573, 7.764628E-19, 
302.1671, 9.246392E-19, 
302.2769, 9.362706E-19, 
302.3867, 8.662739E-19, 
302.4965, 7.638642E-19, 
302.6063, 6.374418E-19, 
302.7160, 5.221510E-19, 
302.8258, 4.346666E-19, 
302.9356, 3.673380E-19, 
303.0453, 3.104317E-19, 
303.1551, 2.633189E-19, 
303.2648, 2.280802E-19, 
303.3746, 2.037476E-19, 
303.4843, 1.896351E-19, 
303.5940, 1.899023E-19, 
303.7038, 2.009809E-19, 
303.8135, 2.187928E-19, 
303.9232, 2.592527E-19, 
304.0329, 3.672343E-19, 
304.1426, 5.672734E-19, 
304.2523, 8.045639E-19, 
304.3620, 8.317069E-19, 
304.4717, 7.283390E-19, 
304.5814, 6.289184E-19, 
304.6910, 5.260068E-19, 
304.8007, 4.263098E-19, 
304.9104, 3.505564E-19, 
305.0200, 2.979296E-19, 
305.1296, 2.564749E-19, 
305.2393, 2.197285E-19, 
305.3489, 1.879170E-19, 
305.4585, 1.639907E-19, 
305.5681, 1.519519E-19, 
305.6777, 1.547216E-19, 
305.7873, 1.659201E-19, 
305.8969, 1.946390E-19, 
306.0065, 2.595271E-19, 
306.1161, 3.457750E-19, 
306.2257, 4.354154E-19, 
306.3352, 5.299306E-19, 
306.4448, 6.284571E-19, 
306.5543, 6.725199E-19, 
306.6638, 6.059066E-19, 
306.7734, 4.906107E-19, 
306.8829, 3.925302E-19, 
306.9924, 3.238655E-19, 
307.1019, 2.791810E-19, 
307.2114, 2.496006E-19, 
307.3208, 2.162172E-19, 
307.4303, 1.874384E-19, 
307.5398, 1.745482E-19, 
307.6492, 1.729865E-19, 
307.7586, 1.756749E-19, 
307.8681, 1.744882E-19, 
307.9775, 1.710073E-19, 
308.0869, 1.845296E-19, 
308.1963, 2.266964E-19, 
308.3056, 2.568295E-19, 
308.4150, 3.084047E-19, 
308.5244, 4.206810E-19, 
308.6337, 5.303035E-19, 
308.7431, 5.343788E-19, 
308.8524, 4.619233E-19, 
308.9617, 3.813387E-19, 
309.0710, 3.081802E-19, 
309.1803, 2.546756E-19, 
309.2895, 2.162487E-19, 
309.3988, 1.845875E-19, 
309.5081, 1.605271E-19, 
309.6173, 1.510588E-19, 
309.7265, 1.561785E-19, 
309.8357, 1.608451E-19, 
309.9449, 1.579159E-19, 
310.0541, 1.603219E-19, 
310.1632, 1.754788E-19, 
310.2724, 1.863787E-19, 
310.3815, 1.909742E-19, 
310.4906, 2.102674E-19, 
310.5997, 2.741283E-19, 
310.7088, 3.490212E-19, 
310.8179, 3.632617E-19, 
310.9270, 3.127726E-19, 
311.0360, 2.714277E-19, 
311.1450, 2.509935E-19, 
311.2540, 2.269352E-19, 
311.3630, 2.015784E-19, 
311.4720, 1.697556E-19, 
311.5809, 1.396550E-19, 
311.6899, 1.199015E-19, 
311.7988, 1.103540E-19, 
311.9077, 1.103377E-19, 
312.0166, 1.209673E-19, 
312.1254, 1.305393E-19, 
312.2343, 1.290945E-19, 
312.3431, 1.247886E-19, 
312.4519, 1.264975E-19, 
312.5607, 1.371424E-19, 
312.6694, 1.457846E-19, 
312.7782, 1.467285E-19, 
312.8619, 1.633577E-19, 
312.9764, 2.027509E-19, 
313.0910, 2.403548E-19, 
313.2055, 2.426195E-19, 
313.3201, 2.135146E-19, 
313.4346, 1.785736E-19, 
313.5491, 1.453132E-19, 
313.6635, 1.218614E-19, 
313.7780, 1.136256E-19, 
313.8924, 1.123677E-19, 
314.0068, 1.019383E-19, 
314.1211, 8.767907E-20, 
314.2355, 7.847454E-20, 
314.3498, 7.731618E-20, 
314.4641, 8.484011E-20, 
314.5784, 9.718567E-20, 
314.6927, 1.063326E-19, 
314.8069, 1.105623E-19, 
314.9212, 1.068264E-19, 
315.0354, 1.032236E-19, 
315.1496, 1.129073E-19, 
315.2637, 1.303107E-19, 
315.3779, 1.338759E-19, 
315.4920, 1.251401E-19, 
315.6061, 1.229699E-19, 
315.7202, 1.307790E-19, 
315.8342, 1.282065E-19, 
315.9482, 1.098358E-19, 
316.0622, 9.001693E-20, 
316.1762, 7.642147E-20, 
316.2902, 6.822788E-20, 
316.4041, 6.492449E-20, 
316.5181, 6.761847E-20, 
316.6320, 7.664824E-20, 
316.7458, 8.373549E-20, 
316.8597, 8.487496E-20, 
316.9735, 8.403654E-20, 
317.0873, 8.612263E-20, 
317.2011, 9.132872E-20, 
317.3149, 9.064087E-20, 
317.4286, 8.165743E-20, 
317.5424, 7.284173E-20, 
317.6561, 6.931776E-20, 
317.7697, 6.948134E-20, 
317.8834, 7.222947E-20, 
317.9970, 8.097324E-20, 
318.1106, 9.059982E-20, 
318.2242, 8.770904E-20, 
318.3378, 7.723439E-20, 
318.4513, 6.796696E-20, 
318.5649, 5.794179E-20, 
318.6784, 4.773577E-20, 
318.7918, 3.981132E-20, 
318.9053, 3.541978E-20, 
319.0187, 3.496714E-20, 
319.1321, 3.644769E-20, 
319.2455, 3.804792E-20, 
319.3589, 4.177905E-20, 
319.4722, 4.879050E-20, 
319.5855, 5.619403E-20, 
319.6988, 5.848282E-20, 
319.8121, 5.809521E-20, 
319.9253, 5.453335E-20, 
320.0386, 4.762391E-20, 
320.1518, 4.074179E-20, 
320.2650, 3.509018E-20, 
320.3781, 3.150617E-20, 
320.4912, 3.013871E-20, 
320.6044, 2.948460E-20, 
320.7174, 3.030137E-20, 
320.8305, 3.265966E-20, 
320.9436, 3.702712E-20, 
321.0566, 4.056968E-20, 
321.1696, 3.739136E-20, 
321.2825, 3.091078E-20, 
321.3955, 2.564983E-20, 
321.5084, 2.148222E-20, 
321.6213, 1.863127E-20, 
321.7342, 1.726828E-20, 
321.8471, 1.745309E-20, 
321.9599, 1.861298E-20, 
322.0727, 2.049079E-20, 
322.1855, 2.254802E-20, 
322.2983, 2.267828E-20, 
322.4110, 2.218134E-20, 
322.5237, 2.410203E-20, 
322.6364, 2.762101E-20, 
322.7491, 2.713403E-20, 
322.8618, 2.221162E-20, 
322.9744, 1.738319E-20, 
323.0870, 1.379186E-20, 
323.1996, 1.131399E-20, 
323.3121, 9.851482E-21, 
323.4247, 9.058204E-21, 
323.5372, 8.635266E-21, 
323.6497, 8.644613E-21, 
323.7621, 9.246859E-21, 
323.8746, 1.103316E-20, 
323.9870, 1.306785E-20, 
324.0994, 1.457430E-20, 
324.2118, 1.476856E-20, 
324.3241, 1.311773E-20, 
324.4365, 1.090261E-20, 
324.5488, 9.332489E-21, 
324.6610, 8.377776E-21, 
324.7733, 7.897910E-21, 
324.8855, 7.894516E-21, 
324.9978, 8.442588E-21, 
325.1099, 9.698846E-21, 
325.2221, 1.087253E-20, 
325.3343, 1.006163E-20, 
325.4464, 8.620889E-21, 
325.5585, 7.695000E-21, 
325.6705, 7.518172E-21, 
325.7826, 7.945215E-21, 
325.8946, 8.416425E-21, 
326.0066, 7.898214E-21, 
326.1186, 6.609871E-21, 
326.2306, 5.434071E-21, 
326.3425, 4.613777E-21, 
326.4544, 3.988895E-21, 
326.5663, 3.484491E-21, 
326.6782, 3.149601E-21, 
326.7900, 3.056534E-21, 
326.9018, 3.072475E-21, 
327.0136, 3.408585E-21, 
327.1254, 4.002743E-21, 
327.2372, 4.872852E-21, 
327.3489, 5.578102E-21, 
327.4606, 5.203679E-21, 
327.5723, 4.331039E-21, 
327.6840, 3.644504E-21, 
327.7956, 3.172075E-21, 
327.9072, 2.955775E-21, 
328.0188, 2.916546E-21, 
328.1304, 3.159223E-21, 
328.2419, 3.372120E-21, 
328.3534, 3.304077E-21, 
328.4649, 3.002471E-21, 
328.5764, 2.744656E-21, 
328.6879, 2.511175E-21, 
328.7993, 2.372935E-21, 
328.9107, 2.433744E-21, 
329.0221, 2.589347E-21, 
329.1335, 2.952138E-21, 
329.2448, 3.394157E-21, 
329.3561, 3.262237E-21, 
329.4674, 2.717925E-21, 
329.5787, 2.181192E-21, 
329.6900, 1.787342E-21, 
329.8012, 1.516308E-21, 
329.9124, 1.358409E-21, 
330.0236, 1.259580E-21, 
330.1348, 1.310635E-21, 
330.2459, 1.342549E-21, 
330.3570, 1.391399E-21, 
330.4681, 1.554988E-21, 
330.5792, 1.932348E-21, 
330.6902, 2.224037E-21, 
330.8013, 2.034082E-21, 
330.9123, 1.623945E-21, 
331.0232, 1.365724E-21, 
331.1342, 1.170668E-21, 
331.2451, 1.157084E-21, 
331.3561, 1.122062E-21, 
331.4670, 1.017768E-21, 
331.5778, 8.653920E-22, 
331.6887, 7.979476E-22, 
331.7995, 7.513864E-22, 
331.9103, 6.992189E-22, 
332.0211, 6.564658E-22, 
332.1319, 7.497313E-22, 
332.2426, 8.138849E-22, 
332.3533, 9.490389E-22, 
332.4640, 1.072633E-21, 
332.5747, 1.124175E-21, 
332.6853, 1.230116E-21, 
332.7960, 1.265666E-21, 
332.9066, 1.064738E-21, 
333.0172, 8.798489E-22, 
333.1277, 7.379150E-22, 
333.2383, 6.783712E-22, 
333.3488, 6.320843E-22, 
333.4593, 5.911824E-22, 
333.5698, 5.531680E-22, 
333.6802, 5.311905E-22, 
333.7907, 5.716098E-22, 
333.9011, 6.973494E-22, 
334.0115, 7.752761E-22, 
334.1219, 7.766812E-22, 
334.2322, 6.360834E-22, 
334.3425, 5.408315E-22, 
334.4529, 4.458580E-22, 
334.5631, 4.413906E-22, 
334.6734, 3.588064E-22, 
334.7836, 3.274500E-22, 
334.8939, 3.214128E-22, 
335.0041, 3.149581E-22, 
335.1143, 2.861427E-22, 
335.2244, 2.585588E-22, 
335.3346, 2.282296E-22, 
335.4447, 1.926181E-22, 
335.5548, 2.017938E-22, 
335.6648, 2.685158E-22, 
335.7749, 3.137470E-22, 
335.8849, 4.128313E-22, 
335.9949, 4.768741E-22, 
336.1049, 4.181888E-22, 
336.2149, 3.173833E-22, 
336.3249, 2.502010E-22, 
336.4348, 2.431062E-22, 
336.5447, 2.479119E-22, 
336.6546, 2.110487E-22, 
336.7645, 1.886394E-22, 
336.8743, 1.564904E-22, 
336.9841, 1.688300E-22, 
337.0940, 1.586546E-22, 
337.2037, 1.787067E-22, 
337.3135, 2.007849E-22, 
337.4233, 2.333656E-22, 
337.5330, 2.356364E-22, 
337.6427, 1.763770E-22, 
337.7524, 1.794139E-22, 
337.8620, 1.777303E-22, 
337.9717, 1.554785E-22, 
338.0813, 1.198863E-22, 
338.1909, 8.004206E-23, 
338.3005, 8.205784E-23, 
338.4101, 1.087741E-22, 
338.5196, 9.834769E-23, 
338.6292, 1.077144E-22, 
338.7387, 1.202521E-22, 
338.8482, 9.156372E-23, 
338.9576, 1.179599E-22, 
339.0671, 9.020429E-23, 
339.1765, 1.001460E-22, 
339.2859, 8.925431E-23, 
339.3953, 1.850670E-22, 
339.5047, 1.873510E-22, 
339.6140, 2.008722E-22, 
339.7234, 1.231741E-22, 
339.8327, 1.459137E-22, 
339.9420, 1.311834E-22, 
340.0512, 1.344733E-22, 
340.1605, 1.119095E-22, 
340.2697, 1.461768E-22, 
340.3790, 1.060298E-22, 
340.4882, 1.185279E-22, 
340.5973, 8.050942E-23, 
340.7065, 6.285405E-23, 
340.8156, 5.141569E-23, 
340.9248, 3.605245E-23, 
341.0339, 4.741765E-24, 
341.1430, 3.602604E-23, 
341.2520, 1.907070E-23, 
341.3611, 4.121282E-23, 
341.4701, 3.988590E-23, 
341.5791, 3.743729E-23, 
341.6881, 5.377387E-23, 
341.7971, 7.194844E-23, 
341.9061, 7.672373E-23, 
342.0150, 8.066589E-23, 
342.1239, 9.114106E-23, 
342.2328, 1.109321E-22, 
342.3417, 9.636645E-23, 
342.4506, 7.298275E-23, 
342.5594, 5.039561E-23, 
342.6683, 5.334816E-23, 
342.7771, 1.604905E-23, 
342.8859, 3.071835E-23, 
342.9947, 2.367733E-23, 
343.1034, 4.679585E-23, 
343.2122, 2.570429E-23, 
343.3209, 2.818541E-23, 
343.4296, 3.066348E-23, 
343.5383, 2.508757E-23, 
343.6470, -1.681107E-23, 
343.7556, 2.010297E-23, 
343.8643, 6.614290E-25, 
343.9729, 7.058291E-24, 
344.0815, 2.889358E-23, 
344.1901, 6.040849E-23, 
344.2987, 2.316932E-23, 
344.4072, 5.407970E-23, 
344.5158, 6.065741E-23, 
344.6243, 5.633526E-23, 
344.7328, 1.264640E-23, 
344.8413, -4.422633E-23, 
344.9498, -9.214285E-24, 
345.0582, 3.599454E-23, 
345.1666, -1.417856E-23, 
345.2751, -1.947304E-23, 
345.3835, -2.629155E-23, 
345.4919, 4.801711E-24, 
345.6002, -2.780847E-24, 
345.7086, -3.706339E-23, 
345.8169, -3.262847E-23, 
345.9253, 2.374642E-23, 
346.0336, 1.120670E-24, 
346.1419, -9.646094E-24, 
346.2501, -3.765370E-24, 
346.3584, 1.864905E-23, 
346.4666, 2.004709E-23, 
346.5749, 7.618829E-23, 
346.6831, 7.126161E-23, 
346.7913, 9.143672E-23, 
346.8995, 1.029736E-22, 
347.0076, 1.552296E-22, 
347.1158, 1.259621E-22, 
347.2239, 1.056884E-22, 
347.3320, 5.077662E-23, 
347.4401, 6.721988E-23, 
347.5482, 2.974297E-23, 
347.6563, 3.879164E-23, 
347.7644, -2.425240E-24, 
347.8724, 2.036510E-23, 
347.9805, 1.410337E-23, 
348.0885, 6.771773E-24, 
348.1965, -1.273886E-23, 
348.3045, 3.104957E-24, 
348.4124, -2.175908E-23, 
348.5204, 8.087519E-25, 
348.6283, -1.425476E-23, 
348.7363, 6.728491E-23, 
348.8442, 4.563759E-23, 
348.9521, 5.261764E-23, 
349.0599, 7.690967E-23, 
349.1678, 1.041857E-22, 
349.2757, 8.185464E-23, 
349.3835, 9.669259E-23, 
349.4913, 7.744917E-23, 
349.5992, 9.506086E-23, 
349.7070, 7.899962E-23, 
349.8147, 4.145362E-23, 
349.9225, 5.003086E-23, 
350.0303, -6.795142E-24, 
350.1380, 1.740747E-23, 
350.2458, 9.942772E-24, 
350.3535, 4.107159E-23, 
350.4612, 3.871544E-23, 
350.5689, 1.622584E-24, 
350.6765, 3.775124E-23, 
350.7842, 5.221327E-24, 
350.8919, 2.521660E-23, 
350.9995, 5.523390E-23, 
351.1071, 3.838422E-23, 
351.2147, 1.489790E-23, 
351.3223, 6.495416E-24, 
351.4299, -4.359539E-23, 
351.5375, -4.614255E-23, 
351.6451, -5.278834E-23, 
351.7526, -6.294041E-23, 
351.8601, -7.864198E-23, 
351.9677, -5.528368E-23, 
352.0752, -5.259326E-23, 
352.1827, -3.450404E-23, 
352.2901, -5.239209E-23, 
352.3976, -3.436180E-24, 
352.5051, 1.756292E-23, 
352.6125, 4.649511E-23, 
352.7200, 7.591397E-23, 
352.8274, 9.311518E-23, 
352.9348, 1.624585E-22, 
353.0422, 2.082069E-22, 
353.1496, 2.312106E-22, 
353.2570, 2.682354E-22, 
353.3643, 2.685168E-22, 
353.4717, 2.942567E-22, 
353.5790, 2.411635E-22, 
353.6864, 1.970459E-22, 
353.7937, 1.788713E-22, 
353.9010, 1.095137E-22, 
354.0083, 7.672170E-23, 
354.1156, 6.213267E-23, 
354.2228, 3.870731E-23, 
354.3301, 5.510994E-23, 
354.4374, 6.028758E-23, 
354.5446, 5.364789E-23, 
354.6518, 5.587602E-23, 
354.7591, 4.122908E-23, 
354.8663, 1.962443E-23, 
354.9735, 8.701805E-23, 
355.0806, 4.079320E-23, 
355.1878, 5.960583E-23, 
355.2950, 8.616662E-23, 
355.4021, 8.262681E-23, 
355.5093, 6.084639E-23, 
355.6164, 2.485287E-23, 
355.7236, 1.473534E-23, 
355.8307, 3.125582E-23, 
355.9378, 3.857320E-23, 
356.0449, 6.042169E-23, 
356.1520, 1.883193E-23, 
356.2590, 4.339929E-23, 
356.3661, 5.588212E-23, 
356.4731, 5.854815E-23, 
356.5802, 2.904598E-23, 
356.6872, 5.731572E-23, 
356.7943, 7.354867E-23, 
356.9013, 8.631700E-23, 
357.0083, 7.218517E-23, 
357.1153, 1.005423E-22, 
357.2223, 9.352159E-23, 
357.3292, 1.453671E-22, 
357.4362, 1.379847E-22, 
357.5432, 1.758680E-22, 
357.6501, 1.668163E-22, 
357.7571, 2.304455E-22, 
357.8640, 2.762101E-22, 
357.9709, 3.166010E-22, 
358.0778, 3.087918E-22, 
358.1848, 2.490052E-22, 
358.2917, 2.251226E-22, 
358.3985, 2.057075E-22, 
358.5054, 1.745644E-22, 
358.6123, 1.675041E-22, 
358.7192, 1.612891E-22, 
358.8260, 1.347801E-22, 
358.9329, 1.590417E-22, 
359.0397, 2.133764E-22, 
359.1465, 2.779180E-22, 
359.2534, 2.840507E-22, 
359.3602, 2.925203E-22, 
359.4670, 2.619919E-22, 
359.5738, 2.390146E-22, 
359.6806, 2.115902E-22, 
359.7874, 1.405836E-22, 
359.8942, 1.114828E-22, 
360.0009, 9.801850E-23, 
360.1077, 6.703497E-23, 
360.2144, -2.179363E-24, 
360.3212, 1.510822E-23, 
360.4279, -3.839540E-24, 
360.5347, 2.552852E-23, 
360.6414, 2.184240E-23, 
360.7481, 4.389206E-24, 
360.8548, 8.446174E-24, 
360.9615, 3.353374E-23, 
361.0682, 5.659333E-23, 
361.1749, 4.293701E-23, 
361.2816, 5.790908E-23, 
361.3883, 5.602741E-23, 
361.4950, 7.514586E-23, 
361.6016, 9.346470E-23, 
361.7083, 4.945274E-23, 
361.8149, 8.835310E-23, 
361.9216, 1.162815E-22, 
362.0282, 1.455357E-22, 
362.1348, 1.355706E-22, 
362.2415, 1.246900E-22, 
362.3481, 1.516948E-22, 
362.4547, 2.103710E-22, 
362.5613, 1.834119E-22, 
362.6679, 2.053204E-22, 
362.7745, 1.669433E-22, 
362.8811, 1.910300E-22, 
362.9877, 2.231383E-22, 
363.0943, 2.888707E-22, 
363.2008, 2.826324E-22, 
363.3074, 3.298448E-22, 
363.4140, 3.080979E-22, 
363.5205, 3.161204E-22, 
363.6271, 2.956344E-22, 
363.7336, 2.610409E-22, 
363.8402, 2.119296E-22, 
363.9467, 2.035931E-22, 
364.0532, 1.542806E-22, 
364.1597, 1.565382E-22, 
364.2663, 1.267119E-22, 
364.3728, 1.387345E-22, 
364.4793, 1.160904E-22, 
364.5858, 1.090697E-22, 
364.6923, 1.083575E-22, 
364.7988, 1.192279E-22, 
364.9053, 7.739431E-23, 
365.0118, 1.292662E-22, 
365.1183, 1.697200E-22, 
365.2247, 2.027722E-22, 
365.3312, 1.505081E-22, 
365.4377, 2.126083E-22, 
365.5441, 2.184616E-22, 
365.6506, 2.186688E-22, 
365.7571, 2.054718E-22, 
365.8635, 1.982540E-22, 
365.9700, 1.356610E-22, 
366.0764, 1.190359E-22, 
366.1828, 1.653126E-22, 
366.2893, 1.529608E-22, 
366.3957, 9.434965E-23, 
366.5021, 1.058500E-22, 
366.6086, 6.248625E-23, 
366.7150, 6.169781E-23, 
366.8214, 4.593223E-23, 
366.9278, 6.062388E-23, 
367.0342, 6.865755E-23, 
367.1406, 6.411188E-23, 
367.2470, 6.871851E-23, 
367.3534, 7.749388E-23, 
367.4598, 6.803676E-23, 
367.5662, 5.233519E-23, 
367.6726, 6.080067E-23, 
367.7790, 5.814174E-23, 
367.8854, 5.449220E-23, 
367.9918, 6.061067E-23, 
368.0982, 7.345926E-23, 
368.2045, 4.930339E-23, 
368.3109, 4.125752E-23, 
368.4173, 3.848989E-23, 
368.5236, 6.712438E-23, 
368.6300, 8.247644E-23, 
368.7364, 9.231050E-23, 
368.8427, 8.639726E-23, 
368.9491, 1.022807E-22, 
369.0554, 1.090891E-22, 
369.1618, 1.199706E-22, 
369.2681, 1.506138E-22, 
369.3745, 1.842755E-22, 
369.4808, 2.200821E-22, 
369.5872, 2.338522E-22, 
369.6935, 2.672437E-22, 
369.7999, 3.259646E-22, 
369.9062, 4.291303E-22, 
370.0125, 5.262801E-22, 
370.1189, 6.482370E-22, 
370.2252, 7.013718E-22, 
370.3315, 6.489310E-22, 
370.4379, 5.274129E-22, 
370.5442, 4.141491E-22, 
370.6505, 3.521393E-22, 
370.7569, 3.066257E-22, 
370.8632, 2.439454E-22, 
370.9695, 2.214040E-22, 
371.0758, 1.650982E-22, 
371.1821, 1.779234E-22, 
371.2885, 1.549796E-22, 
371.3948, 1.468515E-22, 
371.5011, 1.462317E-22, 
371.6074, 1.345525E-22, 
371.7137, 9.267118E-23, 
371.8200, 1.234627E-22, 
371.9263, 1.049041E-22, 
372.0326, 9.923975E-23, 
372.1390, 1.306134E-22, 
372.2453, 1.170343E-22, 
372.3516, 1.343605E-22, 
372.4579, 9.329400E-23, 
372.5642, 1.116911E-22, 
372.6705, 1.611205E-22, 
372.7768, 1.760316E-22, 
372.8831, 1.802978E-22, 
372.9894, 1.359963E-22, 
373.0957, 1.193183E-22, 
373.2020, 1.149840E-22, 
373.3083, 1.225645E-22, 
373.4146, 1.423424E-22, 
373.5209, 1.645698E-22, 
373.6272, 1.606165E-22, 
373.7335, 1.504329E-22, 
373.8398, 1.364047E-22, 
373.9461, 1.212925E-22, 
374.0524, 1.394782E-22, 
374.1587, 1.751222E-22, 
374.2650, 2.112234E-22, 
374.3713, 2.628901E-22, 
374.4776, 2.793273E-22, 
374.5839, 3.144551E-22, 
374.6902, 3.536694E-22, 
374.7965, 3.989281E-22, 
374.9028, 4.321438E-22, 
375.0091, 5.197267E-22, 
375.1154, 5.771176E-22, 
375.2217, 5.605860E-22, 
375.3280, 4.484915E-22, 
375.4343, 3.590838E-22, 
375.5406, 3.270792E-22, 
375.6469, 2.560817E-22, 
375.7532, 2.198891E-22, 
375.8595, 2.039040E-22, 
375.9659, 1.395148E-22, 
376.0722, 1.522770E-22, 
376.1785, 1.435657E-22, 
376.2848, 1.301501E-22, 
376.3911, 1.564701E-22, 
376.4974, 1.493082E-22, 
376.6037, 1.335721E-22, 
376.7100, 1.263807E-22, 
376.8163, 1.597945E-22, 
376.9226, 1.735870E-22, 
377.0290, 1.793529E-22, 
377.1353, 1.679928E-22, 
377.2416, 1.646135E-22, 
377.3479, 1.932724E-22, 
377.4542, 1.657464E-22, 
377.5605, 2.242112E-22, 
377.6669, 2.403101E-22, 
377.7732, 2.421582E-22, 
377.8795, 2.331918E-22, 
377.9858, 1.871986E-22, 
378.0922, 1.744598E-22, 
378.1985, 1.547043E-22, 
378.3048, 1.159187E-22, 
378.4112, 1.085424E-22, 
378.5175, 1.200844E-22, 
378.6238, 1.141996E-22, 
378.7302, 1.145227E-22, 
378.8365, 1.206036E-22, 
378.9428, 9.240295E-23, 
379.0492, 1.255018E-22, 
379.1555, 1.245356E-22, 
379.2619, 1.110784E-22, 
379.3682, 7.873647E-23, 
379.4746, 1.006246E-22, 
379.5809, 1.121767E-22, 
379.6872, 1.385394E-22, 
379.7936, 1.419065E-22, 
379.9000, 1.505396E-22, 
380.0063, 1.501149E-22, 
380.1127, 1.661071E-22, 
380.2190, 1.229222E-22, 
380.3254, 1.350829E-22, 
380.4318, 1.608309E-22, 
380.5381, 1.550081E-22, 
380.6445, 1.905109E-22, 
380.7509, 1.710856E-22, 
380.8572, 1.600597E-22, 
380.9636, 1.402108E-22, 
381.0700, 1.542908E-22, 
381.1764, 1.604611E-22, 
381.2827, 1.698389E-22, 
381.3891, 1.543863E-22, 
381.4955, 1.661924E-22, 
381.6019, 1.957098E-22, 
381.7083, 2.025761E-22, 
381.8147, 1.848151E-22, 
381.9211, 2.390726E-22, 
382.0275, 2.292588E-22, 
382.1339, 2.395735E-22, 
382.2403, 2.713027E-22, 
382.3467, 2.955572E-22, 
382.4531, 3.119192E-22, 
382.5595, 3.830019E-22, 
382.6659, 4.404000E-22, 
382.7723, 4.573391E-22, 
382.8787, 5.064474E-22, 
382.9851, 5.189363E-22, 
383.0916, 4.612314E-22, 
383.1980, 3.477207E-22, 
383.3044, 2.962196E-22, 
383.4108, 2.885883E-22, 
383.5173, 2.493659E-22, 
383.6237, 2.196849E-22, 
383.7301, 2.098630E-22, 
383.8366, 1.936148E-22, 
383.9430, 1.779681E-22, 
384.0495, 1.629676E-22, 
384.1559, 1.546454E-22, 
384.2623, 1.675132E-22, 
384.3688, 1.664505E-22, 
384.4753, 1.519427E-22, 
384.5817, 1.385445E-22, 
384.6882, 1.563452E-22, 
384.7946, 1.472650E-22, 
384.9011, 1.123058E-22, 
385.0076, 1.712512E-22, 
385.1140, 1.748794E-22, 
385.2205, 1.509277E-22, 
385.3270, 1.389377E-22, 
385.4334, 1.681046E-22, 
385.5399, 1.493438E-22, 
385.6464, 1.454443E-22, 
385.7529, 1.504736E-22, 
385.8594, 1.935691E-22, 
385.9659, 1.661000E-22, 
386.0724, 1.610636E-22, 
386.1789, 1.534658E-22, 
386.2854, 1.246738E-22, 
386.3919, 1.419156E-22, 
386.4984, 2.236555E-22, 
386.6049, 1.983302E-22, 
386.7114, 1.577351E-22, 
386.8179, 1.781713E-22, 
386.9244, 2.035637E-22, 
387.0309, 1.802074E-22, 
387.1374, 2.173643E-22, 
387.2440, 1.928975E-22, 
387.3505, 1.996997E-22, 
387.4570, 1.766209E-22, 
387.5636, 1.963794E-22, 
387.6701, 2.397360E-22, 
387.7766, 2.645249E-22, 
387.8832, 2.786100E-22, 
387.9897, 3.419913E-22, 
388.0963, 3.481819E-22, 
388.2028, 3.861262E-22, 
388.3093, 4.553212E-22, 
388.4159, 4.028336E-22, 
388.5225, 3.909716E-22, 
388.6290, 3.275547E-22, 
388.7356, 2.817403E-22, 
388.8421, 2.828224E-22, 
388.9487, 2.829616E-22, 
389.0553, 2.577602E-22, 
389.1618, 2.289205E-22, 
389.2684, 2.487908E-22, 
389.3750, 2.149929E-22, 
389.4816, 2.441262E-22, 
389.5882, 2.113535E-22, 
389.6947, 2.314839E-22, 
389.8013, 1.921365E-22, 
389.9079, 2.042688E-22, 
390.0145, 2.180125E-22, 
390.1211, 1.966131E-22, 
390.2277, 2.056485E-22, 
390.3343, 2.134567E-22, 
390.4409, 2.086468E-22, 
390.5475, 2.268762E-22, 
390.6541, 2.179891E-22, 
390.7607, 1.976535E-22, 
390.8673, 1.726889E-22, 
390.9739, 1.625683E-22, 
391.0805, 1.575085E-22, 
391.1872, 1.710510E-22, 
391.2938, 1.979105E-22, 
391.4004, 1.753772E-22, 
391.5070, 2.651761E-22, 
391.6136, 2.312451E-22, 
391.7203, 1.857823E-22, 
391.8269, 1.837858E-22, 
391.9335, 1.680131E-22, 
392.0402, 1.419167E-22, 
392.1468, 1.929442E-22, 
392.2534, 1.935162E-22, 
392.3601, 2.154348E-22, 
392.4667, 1.920542E-22, 
392.5734, 1.844432E-22, 
392.6800, 1.539646E-22, 
392.7867, 1.837553E-22, 
392.8933, 1.756668E-22, 
393.0000, 1.935254E-22, 
393.1066, 2.011730E-22, 
393.2133, 2.075912E-22, 
393.3199, 1.975722E-22, 
393.4266, 2.127505E-22, 
393.5333, 1.992964E-22, 
393.6399, 1.732649E-22, 
393.7466, 2.212800E-22, 
393.8532, 1.938962E-22, 
393.9599, 2.264485E-22, 
394.0666, 2.379915E-22, 
394.1732, 2.155039E-22, 
394.2799, 2.087545E-22, 
394.3866, 2.070740E-22, 
394.4933, 1.952211E-22, 
394.5999, 2.142603E-22, 
394.7066, 2.159876E-22, 
394.8133, 2.121460E-22, 
394.9200, 1.989022E-22, 
395.0267, 2.437666E-22
