238.9581, 3.417972E-20, 
239.0867, 3.336721E-20, 
239.2152, 3.193119E-20, 
239.3437, 3.260895E-20, 
239.4721, 3.441744E-20, 
239.6005, 3.848449E-20, 
239.7288, 3.990850E-20, 
239.8570, 4.029077E-20, 
239.9852, 4.245749E-20, 
240.1133, 4.652057E-20, 
240.2414, 4.919195E-20, 
240.3694, 4.658694E-20, 
240.4973, 4.198072E-20, 
240.6252, 3.952523E-20, 
240.7530, 3.807168E-20, 
240.8808, 3.817697E-20, 
241.0084, 4.031084E-20, 
241.1361, 4.256830E-20, 
241.2636, 4.206794E-20, 
241.3911, 4.133085E-20, 
241.5185, 4.207158E-20, 
241.6459, 4.357211E-20, 
241.7732, 4.499622E-20, 
241.9005, 4.418063E-20, 
242.0277, 4.372879E-20, 
242.1548, 4.246355E-20, 
242.2818, 4.206132E-20, 
242.4088, 4.385470E-20, 
242.5358, 4.667063E-20, 
242.6626, 4.725468E-20, 
242.7894, 4.673524E-20, 
242.9162, 4.591072E-20, 
243.0429, 4.316922E-20, 
243.1695, 4.080436E-20, 
243.2960, 4.024479E-20, 
243.4225, 4.430467E-20, 
243.5489, 4.949847E-20, 
243.6753, 5.310783E-20, 
243.8016, 5.504499E-20, 
243.9278, 5.546993E-20, 
244.0540, 5.524103E-20, 
244.1801, 5.534843E-20, 
244.3062, 5.487133E-20, 
244.4322, 5.531215E-20, 
244.5581, 5.677188E-20, 
244.6839, 5.821827E-20, 
244.8097, 6.099021E-20, 
244.9355, 6.442690E-20, 
245.0611, 6.315924E-20, 
245.1867, 6.266175E-20, 
245.3123, 7.246971E-20, 
245.4377, 8.284319E-20, 
245.5632, 8.192539E-20, 
245.6885, 7.205965E-20, 
245.8138, 6.055457E-20, 
245.9390, 5.296957E-20, 
246.0642, 5.283803E-20, 
246.1893, 5.762673E-20, 
246.3143, 6.703885E-20, 
246.4393, 7.230873E-20, 
246.5642, 6.959247E-20, 
246.6890, 6.613296E-20, 
246.8138, 6.749786E-20, 
246.9385, 7.280479E-20, 
247.0632, 7.654227E-20, 
247.1878, 7.494527E-20, 
247.3123, 7.006769E-20, 
247.4367, 6.893588E-20, 
247.5611, 7.137516E-20, 
247.6855, 7.777487E-20, 
247.8098, 8.423765E-20, 
247.9340, 8.687617E-20, 
248.0581, 8.501663E-20, 
248.1822, 8.091673E-20, 
248.3062, 8.074604E-20, 
248.4302, 8.349064E-20, 
248.5541, 8.436797E-20, 
248.6779, 8.095818E-20, 
248.8017, 7.821977E-20, 
248.9254, 7.814126E-20, 
249.0490, 8.293184E-20, 
249.1726, 8.897177E-20, 
249.2961, 8.741380E-20, 
249.4196, 8.559032E-20, 
249.5430, 1.005876E-19, 
249.6663, 1.185946E-19, 
249.7896, 1.195858E-19, 
249.9128, 1.070691E-19, 
250.0359, 9.690167E-20, 
250.1590, 9.665182E-20, 
250.2820, 1.068712E-19, 
250.4050, 1.145182E-19, 
250.5279, 1.086393E-19, 
250.6507, 9.886783E-20, 
250.7735, 9.559002E-20, 
250.8962, 9.775872E-20, 
251.0189, 1.080754E-19, 
251.1414, 1.289634E-19, 
251.2640, 1.420105E-19, 
251.3864, 1.362461E-19, 
251.5088, 1.233820E-19, 
251.6312, 1.166628E-19, 
251.7535, 1.158612E-19, 
251.8757, 1.153750E-19, 
251.9978, 1.124156E-19, 
252.1199, 1.122535E-19, 
252.2420, 1.182935E-19, 
252.3639, 1.260966E-19, 
252.4858, 1.268707E-19, 
252.6077, 1.232872E-19, 
252.7295, 1.185383E-19, 
252.8512, 1.134212E-19, 
252.9729, 1.154532E-19, 
253.0945, 1.249896E-19, 
253.2160, 1.322877E-19, 
253.3375, 1.363133E-19, 
253.4590, 1.423412E-19, 
253.5803, 1.491024E-19, 
253.7016, 1.561293E-19, 
253.8229, 1.605562E-19, 
253.9441, 1.558845E-19, 
254.0652, 1.493714E-19, 
254.1863, 1.468884E-19, 
254.3073, 1.477594E-19, 
254.4282, 1.511951E-19, 
254.5491, 1.567445E-19, 
254.6699, 1.581161E-19, 
254.7907, 1.542218E-19, 
254.9114, 1.541920E-19, 
255.0321, 1.564303E-19, 
255.1527, 1.576112E-19, 
255.2732, 1.736507E-19, 
255.3937, 2.015729E-19, 
255.5141, 2.151029E-19, 
255.6345, 2.105205E-19, 
255.7548, 2.090221E-19, 
255.8750, 2.097024E-19, 
255.9952, 1.988032E-19, 
256.1153, 1.801262E-19, 
256.2354, 1.638805E-19, 
256.3554, 1.533617E-19, 
256.4754, 1.470008E-19, 
256.5953, 1.423534E-19, 
256.7151, 1.485059E-19, 
256.8349, 1.743078E-19, 
256.9546, 1.921766E-19, 
257.0743, 1.826744E-19, 
257.1939, 1.781813E-19, 
257.3135, 2.116474E-19, 
257.4330, 2.523102E-19, 
257.5524, 2.572708E-19, 
257.6718, 2.388838E-19, 
257.7911, 2.100773E-19, 
257.9104, 1.847009E-19, 
258.0296, 1.833370E-19, 
258.1488, 2.131612E-19, 
258.2679, 2.441057E-19, 
258.3869, 2.497995E-19, 
258.5059, 2.413481E-19, 
258.6249, 2.269658E-19, 
258.7438, 2.091004E-19, 
258.8626, 1.956630E-19, 
258.9814, 2.038421E-19, 
259.1001, 2.297818E-19, 
259.2188, 2.407185E-19, 
259.3374, 2.363666E-19, 
259.4559, 2.361824E-19, 
259.5745, 2.442535E-19, 
259.6929, 2.504523E-19, 
259.8113, 2.583425E-19, 
259.9296, 2.663551E-19, 
260.0479, 2.592367E-19, 
260.1662, 2.505052E-19, 
260.2844, 2.545341E-19, 
260.4025, 2.555562E-19, 
260.5206, 2.514325E-19, 
260.6386, 2.659570E-19, 
260.7566, 2.821840E-19, 
260.8745, 2.737193E-19, 
260.9924, 2.634376E-19, 
261.1102, 2.769908E-19, 
261.2279, 3.114812E-19, 
261.3457, 3.423727E-19, 
261.4633, 3.452880E-19, 
261.5809, 3.225028E-19, 
261.6985, 2.972488E-19, 
261.8160, 2.923312E-19, 
261.9334, 3.130744E-19, 
262.0509, 3.387650E-19, 
262.1682, 3.418325E-19, 
262.2855, 3.327018E-19, 
262.4028, 3.171022E-19, 
262.5200, 2.977285E-19, 
262.6371, 2.927149E-19, 
262.7542, 3.019702E-19, 
262.8713, 3.050905E-19, 
262.9883, 2.946842E-19, 
263.1052, 2.971066E-19, 
263.2221, 3.044543E-19, 
263.3390, 2.911360E-19, 
263.4558, 2.638764E-19, 
263.5726, 2.602555E-19, 
263.6893, 3.091448E-19, 
263.8059, 3.604047E-19, 
263.9226, 3.507613E-19, 
264.0391, 3.218522E-19, 
264.1556, 3.224267E-19, 
264.2721, 3.500722E-19, 
264.3885, 3.745973E-19, 
264.5049, 3.829032E-19, 
264.6212, 4.096821E-19, 
264.7375, 4.391479E-19, 
264.8538, 4.207930E-19, 
264.9699, 3.851768E-19, 
265.0861, 3.646938E-19, 
265.2022, 3.714130E-19, 
265.3182, 4.118950E-19, 
265.4342, 4.326724E-19, 
265.5502, 4.002306E-19, 
265.6661, 3.524472E-19, 
265.7820, 3.297138E-19, 
265.8978, 3.569756E-19, 
266.0136, 4.189593E-19, 
266.1293, 4.525964E-19, 
266.2450, 4.504319E-19, 
266.3606, 4.493712E-19, 
266.4762, 4.415935E-19, 
266.5918, 4.146338E-19, 
266.7073, 3.940240E-19, 
266.8228, 4.181004E-19, 
266.9382, 4.856633E-19, 
267.0536, 5.057505E-19, 
267.1689, 4.585603E-19, 
267.2842, 4.173209E-19, 
267.3994, 3.963792E-19, 
267.5146, 3.879763E-19, 
267.6298, 4.241151E-19, 
267.7449, 4.677858E-19, 
267.8600, 4.557718E-19, 
267.9750, 4.120339E-19, 
268.0900, 3.814213E-19, 
268.2050, 3.903149E-19, 
268.3199, 4.594501E-19, 
268.4348, 5.482899E-19, 
268.5496, 6.156654E-19, 
268.6644, 6.345474E-19, 
268.7792, 5.813006E-19, 
268.8939, 4.987324E-19, 
269.0085, 4.408856E-19, 
269.1232, 4.270260E-19, 
269.2378, 4.531454E-19, 
269.3523, 4.990015E-19, 
269.4668, 4.958613E-19, 
269.5813, 4.464350E-19, 
269.6957, 4.235263E-19, 
269.8101, 4.478607E-19, 
269.9245, 4.812331E-19, 
270.0388, 5.156496E-19, 
270.1531, 5.568626E-19, 
270.2673, 5.657595E-19, 
270.3815, 5.324378E-19, 
270.4957, 5.016235E-19, 
270.6098, 5.060559E-19, 
270.7239, 5.085301E-19, 
270.8379, 4.770024E-19, 
270.9519, 4.556638E-19, 
271.0659, 4.904850E-19, 
271.1799, 5.466095E-19, 
271.2938, 5.689372E-19, 
271.4076, 5.629093E-19, 
271.5215, 5.708138E-19, 
271.6353, 5.877189E-19, 
271.7490, 5.984483E-19, 
271.8628, 6.098525E-19, 
271.9764, 6.090553E-19, 
272.0901, 5.998012E-19, 
272.2037, 5.975596E-19, 
272.3173, 6.162553E-19, 
272.4309, 6.138792E-19, 
272.5444, 5.913872E-19, 
272.6579, 5.962023E-19, 
272.7713, 6.183590E-19, 
272.8847, 6.168749E-19, 
272.9981, 6.049327E-19, 
273.1115, 5.949839E-19, 
273.2248, 6.017153E-19, 
273.3381, 6.522596E-19, 
273.4513, 7.298925E-19, 
273.5645, 7.549006E-19, 
273.6777, 7.146193E-19, 
273.7909, 6.809106E-19, 
273.9040, 6.560713E-19, 
274.0171, 6.024562E-19, 
274.1301, 5.364766E-19, 
274.2431, 4.993389E-19, 
274.3561, 5.066590E-19, 
274.4691, 5.534754E-19, 
274.5820, 6.203691E-19, 
274.6949, 6.813980E-19, 
274.8078, 7.068030E-19, 
274.9207, 6.977352E-19, 
275.0335, 6.805677E-19, 
275.1462, 6.864214E-19, 
275.2590, 6.861855E-19, 
275.3717, 6.702816E-19, 
275.4844, 6.675945E-19, 
275.5971, 6.432921E-19, 
275.7097, 6.164482E-19, 
275.8223, 6.282670E-19, 
275.9349, 6.260386E-19, 
276.0474, 5.997593E-19, 
276.1600, 5.926519E-19, 
276.2725, 6.175409E-19, 
276.3849, 6.892948E-19, 
276.4974, 7.647457E-19, 
276.6098, 7.739105E-19, 
276.7222, 7.376151E-19, 
276.8345, 6.910226E-19, 
276.9468, 6.492837E-19, 
277.0591, 6.563701E-19, 
277.1714, 7.274922E-19, 
277.2837, 7.544971E-19, 
277.3959, 6.977330E-19, 
277.5081, 6.457388E-19, 
277.6203, 6.303300E-19, 
277.7324, 6.786558E-19, 
277.8445, 7.699798E-19, 
277.9566, 8.324409E-19, 
278.0687, 8.514685E-19, 
278.1807, 8.335480E-19, 
278.2928, 7.729612E-19, 
278.4048, 6.964871E-19, 
278.5167, 6.334360E-19, 
278.6287, 5.804417E-19, 
278.7406, 5.820306E-19, 
278.8525, 6.867941E-19, 
278.9644, 8.304684E-19, 
279.0762, 8.941446E-19, 
279.1881, 8.323108E-19, 
279.2999, 7.225371E-19, 
279.4117, 6.319210E-19, 
279.5234, 5.881290E-19, 
279.6352, 6.647796E-19, 
279.7469, 8.657714E-19, 
279.8586, 1.000774E-18, 
279.9703, 9.667476E-19, 
280.0819, 8.783532E-19, 
280.1935, 8.284407E-19, 
280.3052, 7.891562E-19, 
280.4167, 7.349546E-19, 
280.5283, 7.066409E-19, 
280.6399, 7.028380E-19, 
280.7514, 6.895859E-19, 
280.8629, 6.507788E-19, 
280.9744, 6.352332E-19, 
281.0858, 6.828843E-19, 
281.1973, 7.412647E-19, 
281.3087, 7.759371E-19, 
281.4201, 8.415385E-19, 
281.5315, 9.224925E-19, 
281.6429, 9.352397E-19, 
281.7542, 9.231408E-19, 
281.8656, 9.280672E-19, 
281.9769, 8.925128E-19, 
282.0882, 8.432751E-19, 
282.1994, 7.931895E-19, 
282.3107, 7.234743E-19, 
282.4219, 6.625909E-19, 
282.5331, 6.481226E-19, 
282.6443, 6.500742E-19, 
282.7555, 6.283254E-19, 
282.8667, 5.965331E-19, 
282.9778, 6.008100E-19, 
283.0890, 7.349943E-19, 
283.2001, 9.388143E-19, 
283.3112, 1.014497E-18, 
283.4223, 9.625742E-19, 
283.5333, 9.052059E-19, 
283.6444, 8.592220E-19, 
283.7554, 8.065133E-19, 
283.8664, 7.729336E-19, 
283.9774, 7.339666E-19, 
284.0884, 6.833088E-19, 
284.1994, 6.608554E-19, 
284.3104, 6.865758E-19, 
284.4213, 7.365908E-19, 
284.5322, 7.437632E-19, 
284.6431, 7.348068E-19, 
284.7540, 7.766659E-19, 
284.8649, 8.375537E-19, 
284.9758, 8.563784E-19, 
285.0866, 8.937973E-19, 
285.1975, 1.005259E-18, 
285.3083, 1.083746E-18, 
285.4191, 1.045645E-18, 
285.5299, 9.507632E-19, 
285.6407, 8.650470E-19, 
285.7515, 8.023146E-19, 
285.8622, 7.687029E-19, 
285.9730, 7.269243E-19, 
286.0837, 6.796713E-19, 
286.1944, 6.545993E-19, 
286.3051, 6.286827E-19, 
286.4158, 6.164427E-19, 
286.5265, 6.823253E-19, 
286.6372, 8.413599E-19, 
286.7478, 1.000100E-18, 
286.8585, 1.063235E-18, 
286.9691, 1.050761E-18, 
287.0797, 1.020525E-18, 
287.1903, 9.647364E-19, 
287.3009, 8.820392E-19, 
287.4115, 8.395682E-19, 
287.5221, 8.212992E-19, 
287.6327, 7.834171E-19, 
287.7432, 7.435317E-19, 
287.8538, 7.223055E-19, 
287.9643, 7.004267E-19, 
288.0748, 6.895252E-19, 
288.1853, 6.820772E-19, 
288.2958, 6.579721E-19, 
288.4063, 6.657719E-19, 
288.5168, 7.189746E-19, 
288.6273, 8.241130E-19, 
288.7377, 9.812578E-19, 
288.8482, 1.085666E-18, 
288.9586, 1.061761E-18, 
289.0691, 9.706320E-19, 
289.1795, 8.795032E-19, 
289.2899, 7.693855E-19, 
289.4003, 6.656562E-19, 
289.5107, 6.162178E-19, 
289.6211, 6.187912E-19, 
289.7315, 6.631136E-19, 
289.8419, 6.962831E-19, 
289.9522, 7.220343E-19, 
290.0626, 7.987179E-19, 
290.1729, 8.810513E-19, 
290.2833, 8.683648E-19, 
290.3936, 8.234481E-19, 
290.5039, 8.324310E-19, 
290.6142, 9.092150E-19, 
290.7245, 1.021658E-18, 
290.8348, 1.024463E-18, 
290.9451, 9.000744E-19, 
291.0554, 7.907803E-19, 
291.1657, 7.261988E-19, 
291.2760, 6.647763E-19, 
291.3862, 6.048952E-19, 
291.4965, 5.550841E-19, 
291.6067, 5.391030E-19, 
291.7170, 5.923465E-19, 
291.8272, 6.994531E-19, 
291.9374, 7.801237E-19, 
292.0476, 8.011304E-19, 
292.1579, 8.681464E-19, 
292.2681, 9.748208E-19, 
292.3783, 1.019557E-18, 
292.4885, 1.018934E-18, 
292.5987, 9.813791E-19, 
292.7088, 9.005805E-19, 
292.8190, 8.139537E-19, 
292.9292, 7.251392E-19, 
293.0393, 6.484358E-19, 
293.1495, 5.847319E-19, 
293.2597, 5.248630E-19, 
293.3698, 4.828065E-19, 
293.4800, 4.832762E-19, 
293.5901, 5.146727E-19, 
293.7002, 5.868930E-19, 
293.8103, 7.643234E-19, 
293.9205, 9.520554E-19, 
294.0306, 1.006837E-18, 
294.1407, 9.616998E-19, 
294.2508, 9.139892E-19, 
294.3609, 9.303496E-19, 
294.4710, 9.740666E-19, 
294.5811, 9.767250E-19, 
294.6912, 8.924599E-19, 
294.8013, 7.515840E-19, 
294.9113, 6.370536E-19, 
295.0214, 5.617736E-19, 
295.1315, 5.006499E-19, 
295.2415, 4.411183E-19, 
295.3516, 3.953913E-19, 
295.4616, 3.822207E-19, 
295.5717, 4.032506E-19, 
295.6817, 4.678453E-19, 
295.7918, 6.018829E-19, 
295.9018, 7.898640E-19, 
296.0118, 9.537325E-19, 
296.1219, 1.058283E-18, 
296.2319, 1.115048E-18, 
296.3419, 1.068491E-18, 
296.4519, 9.292029E-19, 
296.5619, 7.709346E-19, 
296.6719, 6.418907E-19, 
296.7819, 5.571272E-19, 
296.8919, 5.172032E-19, 
297.0019, 4.889921E-19, 
297.1119, 4.244834E-19, 
297.2219, 3.504724E-19, 
297.3319, 3.011862E-19, 
297.4419, 2.754670E-19, 
297.5518, 2.890620E-19, 
297.6618, 3.513457E-19, 
297.7718, 4.794656E-19, 
297.8817, 7.174343E-19, 
297.9917, 9.816790E-19, 
298.1016, 1.090185E-18, 
298.2116, 1.047670E-18, 
298.3215, 9.742485E-19, 
298.4315, 9.089636E-19, 
298.5414, 8.159438E-19, 
298.6513, 6.942201E-19, 
298.7613, 5.792520E-19, 
298.8712, 4.897165E-19, 
298.9811, 4.219518E-19, 
299.0910, 3.660654E-19, 
299.2010, 3.175444E-19, 
299.3109, 2.761638E-19, 
299.4208, 2.547403E-19, 
299.5307, 2.561660E-19, 
299.6406, 2.663000E-19, 
299.7505, 2.937900E-19, 
299.8604, 4.155126E-19, 
299.9703, 7.202128E-19, 
300.0801, 1.107121E-18, 
300.1900, 1.200191E-18, 
300.2999, 1.043343E-18, 
300.4098, 8.828606E-19, 
300.5196, 7.439849E-19, 
300.6295, 6.172928E-19, 
300.7393, 5.080450E-19, 
300.8492, 4.211469E-19, 
300.9591, 3.608402E-19, 
301.0689, 3.146611E-19, 
301.1787, 2.720952E-19, 
301.2886, 2.340147E-19, 
301.3984, 2.045676E-19, 
301.5082, 1.871289E-19, 
301.6181, 1.919505E-19, 
301.7279, 2.411728E-19, 
301.8377, 3.522366E-19, 
301.9475, 5.537864E-19, 
302.0573, 8.025329E-19, 
302.1671, 9.617010E-19, 
302.2769, 9.683651E-19, 
302.3867, 8.902216E-19, 
302.4965, 7.779372E-19, 
302.6063, 6.411729E-19, 
302.7160, 5.180798E-19, 
302.8258, 4.268628E-19, 
302.9356, 3.583097E-19, 
303.0453, 3.002689E-19, 
303.1551, 2.523024E-19, 
303.2648, 2.166036E-19, 
303.3746, 1.918270E-19, 
303.4843, 1.776487E-19, 
303.5940, 1.787778E-19, 
303.7038, 1.904775E-19, 
303.8135, 2.075336E-19, 
303.9232, 2.491137E-19, 
304.0329, 3.638668E-19, 
304.1426, 5.838245E-19, 
304.2523, 8.362901E-19, 
304.3620, 8.628198E-19, 
304.4717, 7.483192E-19, 
304.5814, 6.401453E-19, 
304.6910, 5.286394E-19, 
304.8007, 4.223267E-19, 
304.9104, 3.434334E-19, 
305.0200, 2.895725E-19, 
305.1296, 2.474356E-19, 
305.2393, 2.097002E-19, 
305.3489, 1.779089E-19, 
305.4585, 1.533386E-19, 
305.5681, 1.417811E-19, 
305.6777, 1.451452E-19, 
305.7873, 1.574965E-19, 
305.8969, 1.874938E-19, 
306.0065, 2.560899E-19, 
306.1161, 3.487700E-19, 
306.2257, 4.452189E-19, 
306.3352, 5.466305E-19, 
306.4448, 6.528748E-19, 
306.5543, 6.981277E-19, 
306.6638, 6.229006E-19, 
306.7734, 4.970102E-19, 
306.8829, 3.917891E-19, 
306.9924, 3.196360E-19, 
307.1019, 2.740997E-19, 
307.2114, 2.437904E-19, 
307.3208, 2.091665E-19, 
307.4303, 1.796532E-19, 
307.5398, 1.673659E-19, 
307.6492, 1.676272E-19, 
307.7586, 1.714345E-19, 
307.8681, 1.701157E-19, 
307.9775, 1.660317E-19, 
308.0869, 1.807095E-19, 
308.1963, 2.245676E-19, 
308.3056, 2.567900E-19, 
308.4150, 3.119013E-19, 
308.5244, 4.334133E-19, 
308.6337, 5.511842E-19, 
308.7431, 5.542616E-19, 
308.8524, 4.739361E-19, 
308.9617, 3.858703E-19, 
309.0710, 3.081216E-19, 
309.1803, 2.524326E-19, 
309.2895, 2.129760E-19, 
309.3988, 1.809455E-19, 
309.5081, 1.562472E-19, 
309.6173, 1.471045E-19, 
309.7265, 1.534444E-19, 
309.8357, 1.591350E-19, 
309.9449, 1.548558E-19, 
310.0541, 1.573675E-19, 
310.1632, 1.735173E-19, 
310.2724, 1.842522E-19, 
310.3815, 1.892370E-19, 
310.4906, 2.103518E-19, 
310.5997, 2.802997E-19, 
310.7088, 3.603892E-19, 
310.8179, 3.732797E-19, 
310.9270, 3.170747E-19, 
311.0360, 2.727391E-19, 
311.1450, 2.511800E-19, 
311.2540, 2.270970E-19, 
311.3630, 2.021375E-19, 
311.4720, 1.688698E-19, 
311.5809, 1.381238E-19, 
311.6899, 1.179187E-19, 
311.7988, 1.085289E-19, 
311.9077, 1.096212E-19, 
312.0166, 1.217833E-19, 
312.1254, 1.325612E-19, 
312.2343, 1.309338E-19, 
312.3431, 1.257162E-19, 
312.4519, 1.273415E-19, 
312.5607, 1.390037E-19, 
312.6694, 1.467285E-19, 
312.7782, 1.474110E-19, 
312.8619, 1.614669E-19, 
312.9764, 2.055467E-19, 
313.0910, 2.468479E-19, 
313.2055, 2.483132E-19, 
313.3201, 2.156134E-19, 
313.4346, 1.778858E-19, 
313.5491, 1.421538E-19, 
313.6635, 1.182175E-19, 
313.7780, 1.107926E-19, 
313.8924, 1.104474E-19, 
314.0068, 9.935826E-20, 
314.1211, 8.421604E-20, 
314.2355, 7.486345E-20, 
314.3498, 7.417499E-20, 
314.4641, 8.289214E-20, 
314.5784, 9.634089E-20, 
314.6927, 1.059657E-19, 
314.8069, 1.100105E-19, 
314.9212, 1.055103E-19, 
315.0354, 1.013818E-19, 
315.1496, 1.121179E-19, 
315.2637, 1.312337E-19, 
315.3779, 1.349571E-19, 
315.4920, 1.257129E-19, 
315.6061, 1.236566E-19, 
315.7202, 1.325546E-19, 
315.8342, 1.300142E-19, 
315.9482, 1.099205E-19, 
316.0622, 8.848938E-20, 
316.1762, 7.388875E-20, 
316.2902, 6.521725E-20, 
316.4041, 6.200195E-20, 
316.5181, 6.547272E-20, 
316.6320, 7.569636E-20, 
316.7458, 8.355646E-20, 
316.8597, 8.486646E-20, 
316.9735, 8.386695E-20, 
317.0873, 8.616797E-20, 
317.2011, 9.186036E-20, 
317.3149, 9.101081E-20, 
317.4286, 8.074351E-20, 
317.5424, 7.094702E-20, 
317.6561, 6.690566E-20, 
317.7697, 6.712287E-20, 
317.8834, 7.038579E-20, 
317.9970, 8.076358E-20, 
318.1106, 9.179310E-20, 
318.2242, 8.880627E-20, 
318.3378, 7.763550E-20, 
318.4513, 6.787936E-20, 
318.5649, 5.703485E-20, 
318.6784, 4.604116E-20, 
318.7918, 3.760450E-20, 
318.9053, 3.291592E-20, 
319.0187, 3.233033E-20, 
319.1321, 3.388014E-20, 
319.2455, 3.583439E-20, 
319.3589, 3.998766E-20, 
319.4722, 4.793410E-20, 
319.5855, 5.611363E-20, 
319.6988, 5.879835E-20, 
319.8121, 5.835941E-20, 
319.9253, 5.440703E-20, 
320.0386, 4.678497E-20, 
320.1518, 3.939105E-20, 
320.2650, 3.344803E-20, 
320.3781, 2.959114E-20, 
320.4912, 2.803283E-20, 
320.6044, 2.743721E-20, 
320.7174, 2.853606E-20, 
320.8305, 3.140293E-20, 
320.9436, 3.652351E-20, 
321.0566, 4.047678E-20, 
321.1696, 3.700469E-20, 
321.2825, 3.008036E-20, 
321.3955, 2.437187E-20, 
321.5084, 1.996709E-20, 
321.6213, 1.683902E-20, 
321.7342, 1.537807E-20, 
321.8471, 1.541898E-20, 
321.9599, 1.659336E-20, 
322.0727, 1.874244E-20, 
322.1855, 2.120443E-20, 
322.2983, 2.153852E-20, 
322.4110, 2.112207E-20, 
322.5237, 2.334943E-20, 
322.6364, 2.737866E-20, 
322.7491, 2.690664E-20, 
322.8618, 2.157413E-20, 
322.9744, 1.640702E-20, 
323.0870, 1.264065E-20, 
323.1996, 1.008725E-20, 
323.3121, 8.559296E-21, 
323.4247, 7.723934E-21, 
323.5372, 7.266200E-21, 
323.6497, 7.372447E-21, 
323.7621, 8.153132E-21, 
323.8746, 1.010838E-20, 
323.9870, 1.240447E-20, 
324.0994, 1.409310E-20, 
324.2118, 1.428859E-20, 
324.3241, 1.242718E-20, 
324.4365, 9.967636E-21, 
324.5488, 8.213389E-21, 
324.6610, 7.225228E-21, 
324.7733, 6.591166E-21, 
324.8855, 6.622293E-21, 
324.9978, 7.293214E-21, 
325.1099, 8.850239E-21, 
325.2221, 1.009724E-20, 
325.3343, 9.286296E-21, 
325.4464, 7.763936E-21, 
325.5585, 6.810727E-21, 
325.6705, 6.687964E-21, 
325.7826, 7.275297E-21, 
325.8946, 7.821789E-21, 
326.0066, 7.235526E-21, 
326.1186, 5.834739E-21, 
326.2306, 4.622507E-21, 
326.3425, 3.715817E-21, 
326.4544, 3.047278E-21, 
326.5663, 2.573138E-21, 
326.6782, 2.292581E-21, 
326.7900, 2.142727E-21, 
326.9018, 2.241288E-21, 
327.0136, 2.564096E-21, 
327.1254, 3.267257E-21, 
327.2372, 4.225196E-21, 
327.3489, 4.989838E-21, 
327.4606, 4.576176E-21, 
327.5723, 3.615558E-21, 
327.6840, 2.864632E-21, 
327.7956, 2.475414E-21, 
327.9072, 2.251509E-21, 
328.0188, 2.256846E-21, 
328.1304, 2.485911E-21, 
328.2419, 2.751869E-21, 
328.3534, 2.648324E-21, 
328.4649, 2.353610E-21, 
328.5764, 2.104764E-21, 
328.6879, 1.889140E-21, 
328.7993, 1.741733E-21, 
328.9107, 1.823050E-21, 
329.0221, 1.975561E-21, 
329.1335, 2.413856E-21, 
329.2448, 2.843451E-21, 
329.3561, 2.724326E-21, 
329.4674, 2.106131E-21, 
329.5787, 1.527840E-21, 
329.6900, 1.127486E-21, 
329.8012, 8.893340E-22, 
329.9124, 7.349182E-22, 
330.0236, 6.798279E-22, 
330.1348, 6.821665E-22, 
330.2459, 7.359877E-22, 
330.3570, 7.814115E-22, 
330.4681, 1.003072E-21, 
330.5792, 1.419498E-21, 
330.6902, 1.705436E-21, 
330.8013, 1.479888E-21, 
330.9123, 1.100952E-21, 
331.0232, 8.501255E-22, 
331.1342, 7.134131E-22, 
331.2451, 6.430077E-22, 
331.3561, 6.306839E-22, 
331.4670, 4.502280E-22, 
331.5778, 3.368002E-22, 
331.6887, 2.512274E-22, 
331.7995, 2.221728E-22, 
331.9103, 2.138768E-22, 
332.0211, 1.981813E-22, 
332.1319, 2.040604E-22, 
332.2426, 3.007606E-22, 
332.3533, 4.948381E-22, 
332.4640, 7.039175E-22, 
332.5747, 6.899740E-22, 
332.6853, 7.666841E-22, 
332.7960, 7.708376E-22, 
332.9066, 6.576050E-22, 
333.0172, 4.556605E-22, 
333.1277, 3.301350E-22, 
333.2383, 2.690046E-22, 
333.3488, 1.897167E-22, 
333.4593, 1.427790E-22, 
333.5698, 1.132072E-22, 
333.6802, 9.833516E-23, 
333.7907, 1.930520E-22, 
333.9011, 3.619825E-22, 
334.0115, 5.268895E-22, 
334.1219, 4.934675E-22, 
334.2322, 3.372203E-22, 
334.3425, 1.819918E-22, 
334.4529, 8.956321E-23, 
334.5631, 6.425038E-23, 
334.6734, 4.465982E-23, 
334.7836, -2.820451E-24, 
334.8939, -3.868803E-23, 
335.0041, -1.930101E-23, 
335.1143, 2.565971E-23, 
335.2244, -6.956303E-23, 
335.3346, -1.526219E-23, 
335.4447, -6.605236E-23, 
335.5548, -2.297488E-23, 
335.6648, -3.378256E-23, 
335.7749, 7.914805E-23, 
335.8849, 1.898887E-22, 
335.9949, 3.259087E-22, 
336.1049, 1.975848E-22, 
336.2149, 1.091432E-22, 
336.3249, 8.429278E-23, 
336.4348, 1.327156E-22, 
336.5447, 7.456818E-23, 
336.6546, 1.652698E-23, 
336.7645, 4.364973E-23, 
336.8743, -2.124931E-23, 
336.9841, -2.479968E-23, 
337.0940, -1.971780E-23, 
337.2037, 8.987789E-23, 
337.3135, 1.083846E-22, 
337.4233, 8.482732E-23, 
337.5330, 1.505490E-22, 
337.6427, 6.681502E-23, 
337.7524, 3.735024E-23, 
337.8620, 2.897500E-23, 
337.9717, -2.452734E-23, 
338.0813, 1.758019E-23, 
338.1909, -5.507377E-23, 
338.3005, -5.808387E-23, 
338.4101, -8.094628E-23, 
338.5196, -2.975035E-23, 
338.6292, -1.253656E-24, 
338.7387, -5.605508E-23, 
338.8482, -1.128291E-23, 
338.9576, -3.261491E-24, 
339.0671, -3.010649E-23, 
339.1765, -5.742341E-24, 
339.2859, 2.410647E-23, 
339.3953, 2.700576E-23, 
339.5047, 1.382330E-22, 
339.6140, 1.518523E-22, 
339.7234, 1.154499E-22, 
339.8327, 1.322833E-22, 
339.9420, 1.128643E-22, 
340.0512, 9.132516E-23, 
340.1605, 3.785998E-23, 
340.2697, 7.947155E-23, 
340.3790, 3.799449E-23, 
340.4882, 3.163922E-23, 
340.5973, 1.357378E-23, 
340.7065, 5.429919E-23, 
340.8156, 7.566482E-23, 
340.9248, 3.892784E-23, 
341.0339, 2.316496E-23, 
341.1430, -3.265901E-24, 
341.2520, 3.173150E-23, 
341.3611, 6.381430E-23, 
341.4701, 8.665102E-23, 
341.5791, 5.086735E-23, 
341.6881, 1.328655E-22, 
341.7971, 9.100893E-23, 
341.9061, 1.419818E-22, 
342.0150, 1.019725E-22, 
342.1239, 1.360432E-22, 
342.2328, 1.149868E-22, 
342.3417, 1.227922E-22, 
342.4506, 1.154455E-22, 
342.5594, 1.038636E-22, 
342.6683, 1.366750E-22, 
342.7771, 1.620745E-22, 
342.8859, 8.944545E-23, 
342.9947, 1.043977E-22, 
343.1034, 9.076449E-23, 
343.2122, 1.158403E-22, 
343.3209, 1.233512E-22, 
343.4296, 1.903694E-22, 
343.5383, 2.068114E-22, 
343.6470, 1.783566E-22, 
343.7556, 1.687739E-22, 
343.8643, 1.962319E-22, 
343.9729, 2.045863E-22, 
344.0815, 2.425169E-22, 
344.1901, 1.995298E-22, 
344.2987, 2.560855E-22, 
344.4072, 2.761671E-22, 
344.5158, 2.236878E-22, 
344.6243, 1.630415E-22, 
344.7328, 1.622266E-22, 
344.8413, 1.449732E-22, 
344.9498, 1.392937E-22, 
345.0582, 1.225893E-22, 
345.1666, 1.851971E-22, 
345.2751, 1.313009E-22, 
345.3835, 7.871351E-23, 
345.4919, 1.872226E-22, 
345.6002, 1.387247E-22, 
345.7086, 1.204965E-22, 
345.8169, 2.067121E-22, 
345.9253, 1.883671E-22, 
346.0336, 2.235588E-22, 
346.1419, 1.930564E-22, 
346.2501, 1.607547E-22, 
346.3584, 1.865015E-22, 
346.4666, 2.641774E-22, 
346.5749, 2.467442E-22, 
346.6831, 3.056308E-22, 
346.7913, 2.908317E-22, 
346.8995, 2.729012E-22, 
347.0076, 2.857553E-22, 
347.1158, 3.200881E-22, 
347.2239, 2.580260E-22, 
347.3320, 3.478615E-22, 
347.4401, 2.382630E-22, 
347.5482, 2.523884E-22, 
347.6563, 2.288402E-22, 
347.7644, 2.116716E-22, 
347.8724, 1.873615E-22, 
347.9805, 2.246757E-22, 
348.0885, 1.738833E-22, 
348.1965, 1.733067E-22, 
348.3045, 2.569113E-22, 
348.4124, 1.718590E-22, 
348.5204, 1.955935E-22, 
348.6283, 2.051520E-22, 
348.7363, 2.207493E-22, 
348.8442, 2.443990E-22, 
348.9521, 2.908449E-22, 
349.0599, 3.012491E-22, 
349.1678, 3.681096E-22, 
349.2757, 2.939962E-22, 
349.3835, 2.431288E-22, 
349.4913, 2.825115E-22, 
349.5992, 2.845072E-22, 
349.7070, 3.483819E-22, 
349.8147, 2.581969E-22, 
349.9225, 2.770338E-22, 
350.0303, 2.920798E-22, 
350.1380, 3.046418E-22, 
350.2458, 3.193946E-22, 
350.3535, 2.722683E-22, 
350.4612, 3.331726E-22, 
350.5689, 3.526512E-22, 
350.6765, 3.730107E-22, 
350.7842, 3.265438E-22, 
350.8919, 2.967549E-22, 
350.9995, 3.489575E-22, 
351.1071, 3.895728E-22, 
351.2147, 4.147000E-22, 
351.3223, 2.748087E-22, 
351.4299, 3.311428E-22, 
351.5375, 3.168211E-22, 
351.6451, 3.083013E-22, 
351.7526, 2.518857E-22, 
351.8601, 2.784550E-22, 
351.9677, 3.161220E-22, 
352.0752, 3.289519E-22, 
352.1827, 3.845703E-22, 
352.2901, 3.242151E-22, 
352.3976, 3.314394E-22, 
352.5051, 3.448547E-22, 
352.6125, 2.866043E-22, 
352.7200, 4.128145E-22, 
352.8274, 4.079929E-22, 
352.9348, 5.240525E-22, 
353.0422, 5.802664E-22, 
353.1496, 6.117545E-22, 
353.2570, 6.224276E-22, 
353.3643, 6.552465E-22, 
353.4717, 5.376189E-22, 
353.5790, 4.717287E-22, 
353.6864, 4.798173E-22, 
353.7937, 4.064922E-22, 
353.9010, 3.608589E-22, 
354.0083, 3.273785E-22, 
354.1156, 3.398875E-22, 
354.2228, 3.187165E-22, 
354.3301, 3.228997E-22, 
354.4374, 2.985962E-22, 
354.5446, 2.849868E-22, 
354.6518, 2.860354E-22, 
354.7591, 3.800155E-22, 
354.8663, 3.391686E-22, 
354.9735, 3.151639E-22, 
355.0806, 3.444919E-22, 
355.1878, 2.698911E-22, 
355.2950, 3.253762E-22, 
355.4021, 2.700819E-22, 
355.5093, 2.926322E-22, 
355.6164, 3.021256E-22, 
355.7236, 3.598192E-22, 
355.8307, 3.455504E-22, 
355.9378, 3.556646E-22, 
356.0449, 3.250950E-22, 
356.1520, 3.435470E-22, 
356.2590, 3.382226E-22, 
356.3661, 2.698966E-22, 
356.4731, 2.684677E-22, 
356.5802, 2.243615E-22, 
356.6872, 2.321227E-22, 
356.7943, 3.333226E-22, 
356.9013, 3.174430E-22, 
357.0083, 3.658515E-22, 
357.1153, 3.873952E-22, 
357.2223, 3.787376E-22, 
357.3292, 3.900591E-22, 
357.4362, 3.992801E-22, 
357.5432, 3.447985E-22, 
357.6501, 3.763957E-22, 
357.7571, 4.694761E-22, 
357.8640, 5.846084E-22, 
357.9709, 5.759707E-22, 
358.0778, 5.286184E-22, 
358.1848, 5.263206E-22, 
358.2917, 4.927784E-22, 
358.3985, 4.653600E-22, 
358.5054, 3.767860E-22, 
358.6123, 4.123680E-22, 
358.7192, 4.473403E-22, 
358.8260, 3.889256E-22, 
358.9329, 3.981544E-22, 
359.0397, 4.286898E-22, 
359.1465, 5.624396E-22, 
359.2534, 4.893725E-22, 
359.3602, 5.548030E-22, 
359.4670, 5.749838E-22, 
359.5738, 5.878060E-22, 
359.6806, 5.407228E-22, 
359.7874, 5.582839E-22, 
359.8942, 4.556230E-22, 
360.0009, 4.429872E-22, 
360.1077, 3.529676E-22, 
360.2144, 3.383924E-22, 
360.3212, 3.455824E-22, 
360.4279, 3.355024E-22, 
360.5347, 2.566081E-22, 
360.6414, 3.111405E-22, 
360.7481, 3.500920E-22, 
360.8548, 2.928473E-22, 
360.9615, 2.397218E-22, 
361.0682, 2.840562E-22, 
361.1749, 2.423140E-22, 
361.2816, 2.794573E-22, 
361.3883, 2.497598E-22, 
361.4950, 3.048380E-22, 
361.6016, 2.803735E-22, 
361.7083, 3.025148E-22, 
361.8149, 3.498958E-22, 
361.9216, 3.320700E-22, 
362.0282, 3.301229E-22, 
362.1348, 3.156766E-22, 
362.2415, 3.735102E-22, 
362.3481, 4.319755E-22, 
362.4547, 4.289081E-22, 
362.5613, 4.246807E-22, 
362.6679, 3.896070E-22, 
362.7745, 4.407930E-22, 
362.8811, 3.460642E-22, 
362.9877, 4.642497E-22, 
363.0943, 4.849896E-22, 
363.2008, 5.030712E-22, 
363.3074, 5.735802E-22, 
363.4140, 5.625333E-22, 
363.5205, 5.615244E-22, 
363.6271, 5.628365E-22, 
363.7336, 5.087297E-22, 
363.8402, 4.855431E-22, 
363.9467, 3.645537E-22, 
364.0532, 3.471227E-22, 
364.1597, 3.392678E-22, 
364.2663, 3.732720E-22, 
364.3728, 3.586482E-22, 
364.4793, 3.142619E-22, 
364.5858, 3.882817E-22, 
364.6923, 3.775721E-22, 
364.7988, 3.485010E-22, 
364.9053, 3.348221E-22, 
365.0118, 3.466574E-22, 
365.1183, 3.521892E-22, 
365.2247, 3.248932E-22, 
365.3312, 3.343149E-22, 
365.4377, 3.880943E-22, 
365.5441, 4.939670E-22, 
365.6506, 4.110162E-22, 
365.7571, 4.272718E-22, 
365.8635, 3.750351E-22, 
365.9700, 3.854899E-22, 
366.0764, 3.511351E-22, 
366.1828, 3.657842E-22, 
366.2893, 3.071469E-22, 
366.3957, 2.998091E-22, 
366.5021, 2.898096E-22, 
366.6086, 2.364129E-22, 
366.7150, 2.941825E-22, 
366.8214, 2.247562E-22, 
366.9278, 2.066658E-22, 
367.0342, 3.398963E-22, 
367.1406, 2.592698E-22, 
367.2470, 2.697632E-22, 
367.3534, 2.367690E-22, 
367.4598, 2.677951E-22, 
367.5662, 1.974062E-22, 
367.6726, 2.065357E-22, 
367.7790, 2.032147E-22, 
367.8854, 2.246007E-22, 
367.9918, 2.631024E-22, 
368.0982, 2.293926E-22, 
368.2045, 2.651378E-22, 
368.3109, 2.493530E-22, 
368.4173, 2.373435E-22, 
368.5236, 2.536201E-22, 
368.6300, 2.370998E-22, 
368.7364, 2.774208E-22, 
368.8427, 2.536972E-22, 
368.9491, 2.812402E-22, 
369.0554, 2.925077E-22, 
369.1618, 2.863485E-22, 
369.2681, 2.827452E-22, 
369.3745, 3.255724E-22, 
369.4808, 3.857215E-22, 
369.5872, 4.822530E-22, 
369.6935, 4.903428E-22, 
369.7999, 5.174336E-22, 
369.9062, 5.546773E-22, 
370.0125, 6.663056E-22, 
370.1189, 7.807444E-22, 
370.2252, 8.673096E-22, 
370.3315, 8.088993E-22, 
370.4379, 6.661060E-22, 
370.5442, 5.484233E-22, 
370.6505, 4.557685E-22, 
370.7569, 3.884118E-22, 
370.8632, 3.761244E-22, 
370.9695, 3.328959E-22, 
371.0758, 2.906134E-22, 
371.1821, 3.363029E-22, 
371.2885, 2.869947E-22, 
371.3948, 2.306573E-22, 
371.5011, 2.112901E-22, 
371.6074, 2.007724E-22, 
371.7137, 1.995927E-22, 
371.8200, 2.861313E-22, 
371.9263, 2.695096E-22, 
372.0326, 2.393282E-22, 
372.1390, 2.159497E-22, 
372.2453, 1.799256E-22, 
372.3516, 2.026954E-22, 
372.4579, 2.177238E-22, 
372.5642, 2.460143E-22, 
372.6705, 2.641025E-22, 
372.7768, 3.053088E-22, 
372.8831, 3.228688E-22, 
372.9894, 3.128495E-22, 
373.0957, 2.556455E-22, 
373.2020, 2.559543E-22, 
373.3083, 2.799667E-22, 
373.4146, 2.656285E-22, 
373.5209, 2.059547E-22, 
373.6272, 2.436834E-22, 
373.7335, 2.870862E-22, 
373.8398, 3.043804E-22, 
373.9461, 2.780548E-22, 
374.0524, 2.621476E-22, 
374.1587, 3.226748E-22, 
374.2650, 3.073817E-22, 
374.3713, 3.442780E-22, 
374.4776, 3.685793E-22, 
374.5839, 4.170970E-22, 
374.6902, 4.572118E-22, 
374.7965, 4.902149E-22, 
374.9028, 5.138965E-22, 
375.0091, 5.839281E-22, 
375.1154, 7.011621E-22, 
375.2217, 6.591872E-22, 
375.3280, 5.878071E-22, 
375.4343, 5.891964E-22, 
375.5406, 4.011964E-22, 
375.6469, 3.413319E-22, 
375.7532, 2.463859E-22, 
375.8595, 2.482339E-22, 
375.9659, 2.352706E-22, 
376.0722, 2.171251E-22, 
376.1785, 2.692141E-22, 
376.2848, 2.255423E-22, 
376.3911, 2.029523E-22, 
376.4974, 2.411055E-22, 
376.6037, 2.534734E-22, 
376.7100, 2.039137E-22, 
376.8163, 2.325207E-22, 
376.9226, 2.591408E-22, 
377.0290, 2.861280E-22, 
377.1353, 2.737822E-22, 
377.2416, 2.653947E-22, 
377.3479, 3.210650E-22, 
377.4542, 3.836827E-22, 
377.5605, 3.585346E-22, 
377.6669, 3.483455E-22, 
377.7732, 3.386779E-22, 
377.8795, 3.651668E-22, 
377.9858, 3.315871E-22, 
378.0922, 2.548958E-22, 
378.1985, 2.231662E-22, 
378.3048, 2.349905E-22, 
378.4112, 2.265766E-22, 
378.5175, 1.628165E-22, 
378.6238, 1.939981E-22, 
378.7302, 2.432699E-22, 
378.8365, 2.008639E-22, 
378.9428, 2.173798E-22, 
379.0492, 1.960169E-22, 
379.1555, 1.589651E-22, 
379.2619, 2.039512E-22, 
379.3682, 1.918414E-22, 
379.4746, 2.162629E-22, 
379.5809, 2.079272E-22, 
379.6872, 1.805574E-22, 
379.7936, 1.560091E-22, 
379.9000, 2.326497E-22, 
380.0063, 2.229656E-22, 
380.1127, 2.052523E-22, 
380.2190, 1.411041E-22, 
380.3254, 1.318269E-22, 
380.4318, 1.546264E-22, 
380.5381, 9.727214E-23, 
380.6445, 1.586211E-22, 
380.7509, 1.579893E-22, 
380.8572, 2.143587E-22, 
380.9636, 1.877640E-22, 
381.0700, 1.530530E-22, 
381.1764, 1.304442E-22, 
381.2827, 1.389243E-22, 
381.3891, 1.858278E-22, 
381.4955, 1.598340E-22, 
381.6019, 1.971879E-22, 
381.7083, 2.183005E-22, 
381.8147, 2.509507E-22, 
381.9211, 2.810395E-22, 
382.0275, 2.220372E-22, 
382.1339, 2.291931E-22, 
382.2403, 2.679505E-22, 
382.3467, 2.916090E-22, 
382.4531, 3.014949E-22, 
382.5595, 3.863003E-22, 
382.6659, 4.897915E-22, 
382.7723, 5.230690E-22, 
382.8787, 5.996567E-22, 
382.9851, 5.749783E-22, 
383.0916, 4.904530E-22, 
383.1980, 4.118321E-22, 
383.3044, 3.381906E-22, 
383.4108, 2.187647E-22, 
383.5173, 2.637739E-22, 
383.6237, 2.090044E-22, 
383.7301, 1.710100E-22, 
383.8366, 2.152815E-22, 
383.9430, 2.087718E-22, 
384.0495, 1.198063E-22, 
384.1559, 8.762230E-23, 
384.2623, 1.786940E-22, 
384.3688, 1.548624E-22, 
384.4753, 1.973665E-22, 
384.5817, 1.290307E-22, 
384.6882, 1.967060E-22, 
384.7946, 1.626103E-22, 
384.9011, 1.707619E-22, 
385.0076, 1.578537E-22, 
385.1140, 1.408649E-22, 
385.2205, 1.924379E-22, 
385.3270, 1.958934E-22, 
385.4334, 1.590026E-22, 
385.5399, 1.622145E-22, 
385.6464, 1.408097E-22, 
385.7529, 1.587281E-22, 
385.8594, 1.758140E-22, 
385.9659, 1.489138E-22, 
386.0724, 7.337968E-23, 
386.1789, 1.715238E-22, 
386.2854, 1.849711E-22, 
386.3919, 1.752991E-22, 
386.4984, 8.629885E-23, 
386.6049, 1.476911E-22, 
386.7114, 1.409542E-22, 
386.8179, 1.715392E-22, 
386.9244, 1.445597E-22, 
387.0309, 1.990855E-22, 
387.1374, 1.914422E-22, 
387.2440, 2.105371E-22, 
387.3505, 2.015409E-22, 
387.4570, 2.130896E-22, 
387.5636, 2.415576E-22, 
387.6701, 3.077820E-22, 
387.7766, 3.169721E-22, 
387.8832, 2.962003E-22, 
387.9897, 2.796800E-22, 
388.0963, 4.314463E-22, 
388.2028, 4.476986E-22, 
388.3093, 4.665575E-22, 
388.4159, 5.135580E-22, 
388.5225, 4.007565E-22, 
388.6290, 3.599151E-22, 
388.7356, 2.415168E-22, 
388.8421, 1.417117E-22, 
388.9487, 1.727124E-22, 
389.0553, 1.940267E-22, 
389.1618, 1.571856E-22, 
389.2684, 2.225157E-22, 
389.3750, 1.804647E-22, 
389.4816, 1.330408E-22, 
389.5882, 7.485375E-23, 
389.6947, 1.100814E-22, 
389.8013, 1.062845E-22, 
389.9079, 1.042330E-22, 
390.0145, 1.674805E-22, 
390.1211, 2.071918E-22, 
390.2277, 1.609895E-22, 
390.3343, 1.864552E-22, 
390.4409, 1.991979E-22, 
390.5475, 2.494401E-22, 
390.6541, 1.355217E-22, 
390.7607, 2.216513E-22, 
390.8673, 2.368517E-22, 
390.9739, 2.361857E-22, 
391.0805, 1.357863E-22, 
391.1872, 1.367919E-22, 
391.2938, 1.581459E-22, 
391.4004, 2.113805E-22, 
391.5070, 2.042103E-22, 
391.6136, 2.566026E-22, 
391.7203, 1.805122E-22, 
391.8269, 1.826457E-22, 
391.9335, 2.091037E-22, 
392.0402, 1.285874E-22, 
392.1468, 2.059591E-22, 
392.2534, 1.735724E-22, 
392.3601, 1.828772E-22, 
392.4667, 2.674026E-22, 
392.5734, 1.331963E-22, 
392.6800, 1.551193E-22, 
392.7867, 2.985565E-22, 
392.8933, 2.138008E-22, 
393.0000, 2.815224E-22, 
393.1066, 3.174165E-22, 
393.2133, 3.072042E-22, 
393.3199, 3.098504E-22, 
393.4266, 3.137669E-22, 
393.5333, 2.588122E-22, 
393.6399, 2.935606E-22, 
393.7466, 2.706431E-22, 
393.8532, 3.121372E-22, 
393.9599, 3.723194E-22, 
394.0666, 3.447566E-22, 
394.1732, 3.385004E-22, 
394.2799, 2.075622E-22, 
394.3866, 2.371097E-22, 
394.4933, 2.936180E-22, 
394.5999, 3.466376E-22, 
394.7066, 3.352444E-22, 
394.8133, 4.172933E-22, 
394.9200, 2.690653E-22, 
395.0267, 3.923084E-22
