238.9581, 5.537348E-20, 
239.0867, 5.626609E-20, 
239.2152, 5.588776E-20, 
239.3437, 5.579413E-20, 
239.4721, 5.720114E-20, 
239.6005, 6.009507E-20, 
239.7288, 6.057995E-20, 
239.8570, 6.098469E-20, 
239.9852, 6.188964E-20, 
240.1133, 6.657896E-20, 
240.2414, 6.809332E-20, 
240.3694, 6.701414E-20, 
240.4973, 6.333506E-20, 
240.6252, 6.071590E-20, 
240.7530, 5.914284E-20, 
240.8808, 5.851510E-20, 
241.0084, 6.093176E-20, 
241.1361, 6.256951E-20, 
241.2636, 6.196448E-20, 
241.3911, 6.192343E-20, 
241.5185, 6.226037E-20, 
241.6459, 6.307157E-20, 
241.7732, 6.401758E-20, 
241.9005, 6.392982E-20, 
242.0277, 6.327740E-20, 
242.1548, 6.247415E-20, 
242.2818, 6.166836E-20, 
242.4088, 6.262209E-20, 
242.5358, 6.557311E-20, 
242.6626, 6.587718E-20, 
242.7894, 6.537535E-20, 
242.9162, 6.429270E-20, 
243.0429, 6.193900E-20, 
243.1695, 5.904287E-20, 
243.2960, 5.904402E-20, 
243.4225, 6.163873E-20, 
243.5489, 6.599145E-20, 
243.6753, 6.966580E-20, 
243.8016, 7.059140E-20, 
243.9278, 7.170956E-20, 
244.0540, 7.228092E-20, 
244.1801, 7.261394E-20, 
244.3062, 7.242909E-20, 
244.4322, 7.239473E-20, 
244.5581, 7.380151E-20, 
244.6839, 7.459485E-20, 
244.8097, 7.774973E-20, 
244.9355, 8.041973E-20, 
245.0611, 7.990014E-20, 
245.1867, 7.901433E-20, 
245.3123, 8.620126E-20, 
245.4377, 9.604458E-20, 
245.5632, 9.613891E-20, 
245.6885, 8.867016E-20, 
245.8138, 7.855298E-20, 
245.9390, 7.233408E-20, 
246.0642, 7.158848E-20, 
246.1893, 7.427705E-20, 
246.3143, 8.188694E-20, 
246.4393, 8.714784E-20, 
246.5642, 8.563843E-20, 
246.6890, 8.294018E-20, 
246.8138, 8.360701E-20, 
246.9385, 8.731815E-20, 
247.0632, 9.127386E-20, 
247.1878, 8.984425E-20, 
247.3123, 8.630204E-20, 
247.4367, 8.537956E-20, 
247.5611, 8.744211E-20, 
247.6855, 9.270174E-20, 
247.8098, 9.839933E-20, 
247.9340, 1.011723E-19, 
248.0581, 9.963545E-20, 
248.1822, 9.647457E-20, 
248.3062, 9.593042E-20, 
248.4302, 9.758443E-20, 
248.5541, 9.864229E-20, 
248.6779, 9.634531E-20, 
248.8017, 9.369399E-20, 
248.9254, 9.345368E-20, 
249.0490, 9.648264E-20, 
249.1726, 1.025959E-19, 
249.2961, 1.017569E-19, 
249.4196, 1.009109E-19, 
249.5430, 1.124361E-19, 
249.6663, 1.289535E-19, 
249.7896, 1.313243E-19, 
249.9128, 1.222713E-19, 
250.0359, 1.138609E-19, 
250.1590, 1.127716E-19, 
250.2820, 1.206569E-19, 
250.4050, 1.270866E-19, 
250.5279, 1.230265E-19, 
250.6507, 1.152541E-19, 
250.7735, 1.130129E-19, 
250.8962, 1.145835E-19, 
251.0189, 1.220464E-19, 
251.1414, 1.388148E-19, 
251.2640, 1.508935E-19, 
251.3864, 1.478782E-19, 
251.5088, 1.387341E-19, 
251.6312, 1.324474E-19, 
251.7535, 1.309714E-19, 
251.8757, 1.303430E-19, 
251.9978, 1.272942E-19, 
252.1199, 1.272630E-19, 
252.2420, 1.323701E-19, 
252.3639, 1.391354E-19, 
252.4858, 1.408316E-19, 
252.6077, 1.375925E-19, 
252.7295, 1.337146E-19, 
252.8512, 1.293398E-19, 
252.9729, 1.302991E-19, 
253.0945, 1.381644E-19, 
253.2160, 1.446034E-19, 
253.3375, 1.482287E-19, 
253.4590, 1.529760E-19, 
253.5803, 1.594772E-19, 
253.7016, 1.660418E-19, 
253.8229, 1.707603E-19, 
253.9441, 1.687516E-19, 
254.0652, 1.636491E-19, 
254.1863, 1.620774E-19, 
254.3073, 1.623034E-19, 
254.4282, 1.649406E-19, 
254.5491, 1.698735E-19, 
254.6699, 1.718857E-19, 
254.7907, 1.687412E-19, 
254.9114, 1.685659E-19, 
255.0321, 1.707672E-19, 
255.1527, 1.718119E-19, 
255.2732, 1.848673E-19, 
255.3937, 2.085750E-19, 
255.5141, 2.215751E-19, 
255.6345, 2.203978E-19, 
255.7548, 2.192550E-19, 
255.8750, 2.209951E-19, 
255.9952, 2.122776E-19, 
256.1153, 1.961884E-19, 
256.2354, 1.819845E-19, 
256.3554, 1.727840E-19, 
256.4754, 1.668582E-19, 
256.5953, 1.627278E-19, 
256.7151, 1.660787E-19, 
256.8349, 1.859224E-19, 
256.9546, 2.017060E-19, 
257.0743, 1.950226E-19, 
257.1939, 1.921030E-19, 
257.3135, 2.195606E-19, 
257.4330, 2.557103E-19, 
257.5524, 2.617560E-19, 
257.6718, 2.482152E-19, 
257.7911, 2.256940E-19, 
257.9104, 2.045565E-19, 
258.0296, 2.019263E-19, 
258.1488, 2.253653E-19, 
258.2679, 2.522718E-19, 
258.3869, 2.588836E-19, 
258.5059, 2.531977E-19, 
258.6249, 2.416748E-19, 
258.7438, 2.267018E-19, 
258.8626, 2.155490E-19, 
258.9814, 2.204889E-19, 
259.1001, 2.410821E-19, 
259.2188, 2.493683E-19, 
259.3374, 2.460208E-19, 
259.4559, 2.460692E-19, 
259.5745, 2.536601E-19, 
259.6929, 2.599768E-19, 
259.8113, 2.671629E-19, 
259.9296, 2.746996E-19, 
260.0479, 2.699476E-19, 
260.1662, 2.627004E-19, 
260.2844, 2.663350E-19, 
260.4025, 2.687011E-19, 
260.5206, 2.668585E-19, 
260.6386, 2.794019E-19, 
260.7566, 2.944510E-19, 
260.8745, 2.885160E-19, 
260.9924, 2.791540E-19, 
261.1102, 2.890614E-19, 
261.2279, 3.179051E-19, 
261.3457, 3.451424E-19, 
261.4633, 3.504536E-19, 
261.5809, 3.340658E-19, 
261.6985, 3.127057E-19, 
261.8160, 3.075906E-19, 
261.9334, 3.238597E-19, 
262.0509, 3.457167E-19, 
262.1682, 3.505147E-19, 
262.2855, 3.431695E-19, 
262.4028, 3.300633E-19, 
262.5200, 3.134725E-19, 
262.6371, 3.085649E-19, 
262.7542, 3.162250E-19, 
262.8713, 3.195955E-19, 
262.9883, 3.108838E-19, 
263.1052, 3.114892E-19, 
263.2221, 3.174196E-19, 
263.3390, 3.051933E-19, 
263.4558, 2.807014E-19, 
263.5726, 2.752288E-19, 
263.6893, 3.097526E-19, 
263.8059, 3.552839E-19, 
263.9226, 3.513184E-19, 
264.0391, 3.304612E-19, 
264.1556, 3.314678E-19, 
264.2721, 3.551294E-19, 
264.3885, 3.796259E-19, 
264.5049, 3.898793E-19, 
264.6212, 4.118343E-19, 
264.7375, 4.394810E-19, 
264.8538, 4.274507E-19, 
264.9699, 4.001891E-19, 
265.0861, 3.837425E-19, 
265.2022, 3.871233E-19, 
265.3182, 4.163660E-19, 
265.4342, 4.342771E-19, 
265.5502, 4.080925E-19, 
265.6661, 3.697646E-19, 
265.7820, 3.506773E-19, 
265.8978, 3.687614E-19, 
266.0136, 4.183159E-19, 
266.1293, 4.512484E-19, 
266.2450, 4.538728E-19, 
266.3606, 4.561779E-19, 
266.4762, 4.521490E-19, 
266.5918, 4.298538E-19, 
266.7073, 4.121710E-19, 
266.8228, 4.270829E-19, 
266.9382, 4.784685E-19, 
267.0536, 4.999196E-19, 
267.1689, 4.636246E-19, 
267.2842, 4.321842E-19, 
267.3994, 4.150134E-19, 
267.5146, 4.075655E-19, 
267.6298, 4.336602E-19, 
267.7449, 4.719431E-19, 
267.8600, 4.641181E-19, 
267.9750, 4.294583E-19, 
268.0900, 4.031826E-19, 
268.2050, 4.062164E-19, 
268.3199, 4.550790E-19, 
268.4348, 5.285741E-19, 
268.5496, 5.863710E-19, 
268.6644, 6.082695E-19, 
268.7792, 5.714602E-19, 
268.8939, 5.097313E-19, 
269.0085, 4.647201E-19, 
269.1232, 4.524776E-19, 
269.2378, 4.717770E-19, 
269.3523, 5.086347E-19, 
269.4668, 5.074482E-19, 
269.5813, 4.658420E-19, 
269.6957, 4.448937E-19, 
269.8101, 4.606658E-19, 
269.9245, 4.867385E-19, 
270.0388, 5.139528E-19, 
270.1531, 5.479612E-19, 
270.2673, 5.579021E-19, 
270.3815, 5.328556E-19, 
270.4957, 5.094673E-19, 
270.6098, 5.124722E-19, 
270.7239, 5.170431E-19, 
270.8379, 4.938508E-19, 
270.9519, 4.772093E-19, 
271.0659, 5.001687E-19, 
271.1799, 5.442125E-19, 
271.2938, 5.658100E-19, 
271.4076, 5.633412E-19, 
271.5215, 5.705781E-19, 
271.6353, 5.856975E-19, 
271.7490, 5.959809E-19, 
271.8628, 6.073424E-19, 
271.9764, 6.107636E-19, 
272.0901, 6.050235E-19, 
272.2037, 6.035544E-19, 
272.3173, 6.175116E-19, 
272.4309, 6.187846E-19, 
272.5444, 6.034587E-19, 
272.6579, 6.066228E-19, 
272.7713, 6.240116E-19, 
272.8847, 6.231894E-19, 
272.9981, 6.135449E-19, 
273.1115, 6.050535E-19, 
273.2248, 6.087457E-19, 
273.3381, 6.450245E-19, 
273.4513, 7.055254E-19, 
273.5645, 7.315843E-19, 
273.6777, 7.083055E-19, 
273.7909, 6.860299E-19, 
273.9040, 6.658611E-19, 
274.0171, 6.192170E-19, 
274.1301, 5.621155E-19, 
274.2431, 5.284404E-19, 
274.3561, 5.303061E-19, 
274.4691, 5.647423E-19, 
274.5820, 6.156009E-19, 
274.6949, 6.637336E-19, 
274.8078, 6.879452E-19, 
274.9207, 6.861233E-19, 
275.0335, 6.767532E-19, 
275.1462, 6.820241E-19, 
275.2590, 6.850429E-19, 
275.3717, 6.764246E-19, 
275.4844, 6.751389E-19, 
275.5971, 6.557922E-19, 
275.7097, 6.335904E-19, 
275.8223, 6.417901E-19, 
275.9349, 6.381394E-19, 
276.0474, 6.132728E-19, 
276.1600, 6.049520E-19, 
276.2725, 6.223050E-19, 
276.3849, 6.727589E-19, 
276.4974, 7.334466E-19, 
276.6098, 7.480736E-19, 
276.7222, 7.277871E-19, 
276.8345, 6.985814E-19, 
276.9468, 6.699799E-19, 
277.0591, 6.724060E-19, 
277.1714, 7.209792E-19, 
277.2837, 7.461203E-19, 
277.3959, 7.067154E-19, 
277.5081, 6.677210E-19, 
277.6203, 6.522441E-19, 
277.7324, 6.789799E-19, 
277.8445, 7.443664E-19, 
277.9566, 7.943003E-19, 
278.0687, 8.132664E-19, 
278.1807, 8.046378E-19, 
278.2928, 7.645076E-19, 
278.4048, 7.086676E-19, 
278.5167, 6.588906E-19, 
278.6287, 6.158972E-19, 
278.7406, 6.123272E-19, 
278.8525, 6.806899E-19, 
278.9644, 7.878602E-19, 
279.0762, 8.437048E-19, 
279.1881, 8.038837E-19, 
279.2999, 7.265060E-19, 
279.4117, 6.570733E-19, 
279.5234, 6.188250E-19, 
279.6352, 6.597911E-19, 
279.7469, 7.867163E-19, 
279.8586, 8.981092E-19, 
279.9703, 8.957385E-19, 
280.0819, 8.507872E-19, 
280.1935, 8.235463E-19, 
280.3052, 8.006631E-19, 
280.4167, 7.640913E-19, 
280.5283, 7.417569E-19, 
280.6399, 7.340957E-19, 
280.7514, 7.183905E-19, 
280.8629, 6.831991E-19, 
280.9744, 6.656881E-19, 
281.0858, 6.959777E-19, 
281.1973, 7.419691E-19, 
281.3087, 7.698834E-19, 
281.4201, 8.131096E-19, 
281.5315, 8.696046E-19, 
281.6429, 8.862162E-19, 
281.7542, 8.833127E-19, 
281.8656, 8.901528E-19, 
281.9769, 8.720895E-19, 
282.0882, 8.403262E-19, 
282.1994, 8.015763E-19, 
282.3107, 7.465804E-19, 
282.4219, 6.963813E-19, 
282.5331, 6.800672E-19, 
282.6443, 6.757281E-19, 
282.7555, 6.551095E-19, 
282.8667, 6.258865E-19, 
282.9778, 6.221413E-19, 
283.0890, 6.973488E-19, 
283.2001, 8.426647E-19, 
283.3112, 9.200366E-19, 
283.4223, 9.017911E-19, 
283.5333, 8.729382E-19, 
283.6444, 8.440427E-19, 
283.7554, 8.083658E-19, 
283.8664, 7.843282E-19, 
283.9774, 7.512447E-19, 
284.0884, 7.090078E-19, 
284.1994, 6.892978E-19, 
284.3104, 7.030197E-19, 
284.4213, 7.389999E-19, 
284.5322, 7.466034E-19, 
284.6431, 7.409648E-19, 
284.7540, 7.687960E-19, 
284.8649, 8.161157E-19, 
284.9758, 8.370803E-19, 
285.0866, 8.609160E-19, 
285.1975, 9.257560E-19, 
285.3083, 9.796599E-19, 
285.4191, 9.670335E-19, 
285.5299, 9.150979E-19, 
285.6407, 8.619976E-19, 
285.7515, 8.189581E-19, 
285.8622, 7.931702E-19, 
285.9730, 7.551894E-19, 
286.0837, 7.103015E-19, 
286.1944, 6.820437E-19, 
286.3051, 6.541663E-19, 
286.4158, 6.409114E-19, 
286.5265, 6.821163E-19, 
286.6372, 7.909828E-19, 
286.7478, 9.077099E-19, 
286.8585, 9.617477E-19, 
286.9691, 9.613937E-19, 
287.0797, 9.474757E-19, 
287.1903, 9.181547E-19, 
287.3009, 8.699113E-19, 
287.4115, 8.461067E-19, 
287.5221, 8.345457E-19, 
287.6327, 8.044937E-19, 
287.7432, 7.688329E-19, 
287.8538, 7.456198E-19, 
287.9643, 7.219767E-19, 
288.0748, 7.057618E-19, 
288.1853, 6.940301E-19, 
288.2958, 6.719852E-19, 
288.4063, 6.769147E-19, 
288.5168, 7.217910E-19, 
288.6273, 7.914671E-19, 
288.7377, 8.927070E-19, 
288.8482, 9.676538E-19, 
288.9586, 9.650605E-19, 
289.0691, 9.147508E-19, 
289.1795, 8.558124E-19, 
289.2899, 7.712994E-19, 
289.4003, 6.913572E-19, 
289.5107, 6.535632E-19, 
289.6211, 6.501547E-19, 
289.7315, 6.782477E-19, 
289.8419, 7.027360E-19, 
289.9522, 7.230052E-19, 
290.0626, 7.693287E-19, 
290.1729, 8.266320E-19, 
290.2833, 8.217337E-19, 
290.3936, 7.964554E-19, 
290.5039, 8.081790E-19, 
290.6142, 8.598932E-19, 
290.7245, 9.302173E-19, 
290.8348, 9.360209E-19, 
290.9451, 8.599901E-19, 
291.0554, 7.888461E-19, 
291.1657, 7.387727E-19, 
291.2760, 6.841538E-19, 
291.3862, 6.313626E-19, 
291.4965, 5.864874E-19, 
291.6067, 5.705389E-19, 
291.7170, 6.052126E-19, 
291.8272, 6.850302E-19, 
291.9374, 7.554477E-19, 
292.0476, 7.772494E-19, 
292.1579, 8.179204E-19, 
292.2681, 8.898957E-19, 
292.3783, 9.241935E-19, 
292.4885, 9.274037E-19, 
292.5987, 9.059561E-19, 
292.7088, 8.568317E-19, 
292.8190, 8.012292E-19, 
292.9292, 7.358761E-19, 
293.0393, 6.743928E-19, 
293.1495, 6.165314E-19, 
293.2597, 5.603017E-19, 
293.3698, 5.218631E-19, 
293.4800, 5.175274E-19, 
293.5901, 5.434203E-19, 
293.7002, 5.953790E-19, 
293.8103, 7.036977E-19, 
293.9205, 8.418356E-19, 
294.0306, 9.016677E-19, 
294.1407, 8.848832E-19, 
294.2508, 8.603325E-19, 
294.3609, 8.704314E-19, 
294.4710, 8.970518E-19, 
294.5811, 9.018038E-19, 
294.6912, 8.446677E-19, 
294.8013, 7.418976E-19, 
294.9113, 6.565221E-19, 
295.0214, 5.926738E-19, 
295.1315, 5.379811E-19, 
295.2415, 4.841890E-19, 
295.3516, 4.448533E-19, 
295.4616, 4.325486E-19, 
295.5717, 4.468793E-19, 
295.6817, 4.929975E-19, 
295.7918, 5.868287E-19, 
295.9018, 7.161639E-19, 
296.0118, 8.355155E-19, 
296.1219, 9.061879E-19, 
296.2319, 9.395182E-19, 
296.3419, 9.206673E-19, 
296.4519, 8.405938E-19, 
296.5619, 7.389976E-19, 
296.6719, 6.488897E-19, 
296.7819, 5.845387E-19, 
296.8919, 5.480500E-19, 
297.0019, 5.152547E-19, 
297.1119, 4.520740E-19, 
297.2219, 3.879121E-19, 
297.3319, 3.434601E-19, 
297.4419, 3.200348E-19, 
297.5518, 3.308890E-19, 
297.6618, 3.825063E-19, 
297.7718, 4.733418E-19, 
297.8817, 6.214217E-19, 
297.9917, 8.033855E-19, 
298.1016, 8.968673E-19, 
298.2116, 8.926943E-19, 
298.3215, 8.641112E-19, 
298.4315, 8.316930E-19, 
298.5414, 7.706917E-19, 
298.6513, 6.821428E-19, 
298.7613, 5.925539E-19, 
298.8712, 5.164308E-19, 
298.9811, 4.541069E-19, 
299.0910, 4.010885E-19, 
299.2010, 3.552228E-19, 
299.3109, 3.158133E-19, 
299.4208, 2.950010E-19, 
299.5307, 2.939828E-19, 
299.6406, 3.045314E-19, 
299.7505, 3.312407E-19, 
299.8604, 4.065588E-19, 
299.9703, 5.739336E-19, 
300.0801, 7.922650E-19, 
300.1900, 8.959356E-19, 
300.2999, 8.604098E-19, 
300.4098, 7.872179E-19, 
300.5196, 6.995362E-19, 
300.6295, 6.082153E-19, 
300.7393, 5.237911E-19, 
300.8492, 4.518169E-19, 
300.9591, 3.983695E-19, 
301.0689, 3.526710E-19, 
301.1787, 3.095808E-19, 
301.2886, 2.714409E-19, 
301.3984, 2.430562E-19, 
301.5082, 2.262578E-19, 
301.6181, 2.311112E-19, 
301.7279, 2.743928E-19, 
301.8377, 3.609307E-19, 
301.9475, 4.976514E-19, 
302.0573, 6.702440E-19, 
302.1671, 7.890398E-19, 
302.2769, 8.136550E-19, 
302.3867, 7.804423E-19, 
302.4965, 7.118501E-19, 
302.6063, 6.174689E-19, 
302.7160, 5.260581E-19, 
302.8258, 4.499050E-19, 
302.9356, 3.871718E-19, 
303.0453, 3.318449E-19, 
303.1551, 2.863747E-19, 
303.2648, 2.527342E-19, 
303.3746, 2.288811E-19, 
303.4843, 2.149344E-19, 
303.5940, 2.145550E-19, 
303.7038, 2.252073E-19, 
303.8135, 2.437215E-19, 
303.9232, 2.800765E-19, 
304.0329, 3.627699E-19, 
304.1426, 4.961074E-19, 
304.2523, 6.511475E-19, 
304.3620, 7.130747E-19, 
304.4717, 6.640322E-19, 
304.5814, 5.953017E-19, 
304.6910, 5.115993E-19, 
304.8007, 4.291112E-19, 
304.9104, 3.642309E-19, 
305.0200, 3.153360E-19, 
305.1296, 2.751654E-19, 
305.2393, 2.395265E-19, 
305.3489, 2.086800E-19, 
305.4585, 1.844545E-19, 
305.5681, 1.719710E-19, 
305.6777, 1.746578E-19, 
305.7873, 1.857379E-19, 
305.8969, 2.127239E-19, 
306.0065, 2.685720E-19, 
306.1161, 3.453823E-19, 
306.2257, 4.235394E-19, 
306.3352, 5.013852E-19, 
306.4448, 5.781182E-19, 
306.5543, 6.128415E-19, 
306.6638, 5.637702E-19, 
306.7734, 4.759328E-19, 
306.8829, 3.960541E-19, 
306.9924, 3.362497E-19, 
307.1019, 2.942469E-19, 
307.2114, 2.652026E-19, 
307.3208, 2.328005E-19, 
307.4303, 2.059275E-19, 
307.5398, 1.916821E-19, 
307.6492, 1.887025E-19, 
307.7586, 1.902177E-19, 
307.8681, 1.894209E-19, 
307.9775, 1.866142E-19, 
308.0869, 1.987806E-19, 
308.1963, 2.368986E-19, 
308.3056, 2.670949E-19, 
308.4150, 3.083920E-19, 
308.5244, 3.981631E-19, 
308.6337, 4.937886E-19, 
308.7431, 5.051085E-19, 
308.8524, 4.481915E-19, 
308.9617, 3.805899E-19, 
309.0710, 3.161535E-19, 
309.1803, 2.667143E-19, 
309.2895, 2.294196E-19, 
309.3988, 1.987898E-19, 
309.5081, 1.748261E-19, 
309.6173, 1.645151E-19, 
309.7265, 1.674970E-19, 
309.8357, 1.714152E-19, 
309.9449, 1.698032E-19, 
310.0541, 1.722120E-19, 
310.1632, 1.855188E-19, 
310.2724, 1.967592E-19, 
310.3815, 2.015284E-19, 
310.4906, 2.168739E-19, 
310.5997, 2.702221E-19, 
310.7088, 3.344221E-19, 
310.8179, 3.514580E-19, 
310.9270, 3.103499E-19, 
311.0360, 2.768328E-19, 
311.1450, 2.600540E-19, 
311.2540, 2.373910E-19, 
311.3630, 2.127181E-19, 
311.4720, 1.815556E-19, 
311.5809, 1.522219E-19, 
311.6899, 1.321775E-19, 
311.7988, 1.220856E-19, 
311.9077, 1.213038E-19, 
312.0166, 1.303349E-19, 
312.1254, 1.380641E-19, 
312.2343, 1.365743E-19, 
312.3431, 1.330182E-19, 
312.4519, 1.344872E-19, 
312.5607, 1.442632E-19, 
312.6694, 1.536610E-19, 
312.7782, 1.559372E-19, 
312.8619, 1.728047E-19, 
312.9764, 2.089429E-19, 
313.0910, 2.421222E-19, 
313.2055, 2.449796E-19, 
313.3201, 2.182403E-19, 
313.4346, 1.860365E-19, 
313.5491, 1.543125E-19, 
313.6635, 1.311040E-19, 
313.7780, 1.215575E-19, 
313.8924, 1.192144E-19, 
314.0068, 1.089005E-19, 
314.1211, 9.553595E-20, 
314.2355, 8.628048E-20, 
314.3498, 8.469485E-20, 
314.4641, 9.112131E-20, 
314.5784, 1.025489E-19, 
314.6927, 1.111370E-19, 
314.8069, 1.156894E-19, 
314.9212, 1.127861E-19, 
315.0354, 1.099992E-19, 
315.1496, 1.186920E-19, 
315.2637, 1.347178E-19, 
315.3779, 1.376801E-19, 
315.4920, 1.295981E-19, 
315.6061, 1.270497E-19, 
315.7202, 1.336973E-19, 
315.8342, 1.307581E-19, 
315.9482, 1.139482E-19, 
316.0622, 9.552211E-20, 
316.1762, 8.276491E-20, 
316.2902, 7.475017E-20, 
316.4041, 7.132984E-20, 
316.5181, 7.302121E-20, 
316.6320, 8.078918E-20, 
316.7458, 8.694766E-20, 
316.8597, 8.800009E-20, 
316.9735, 8.720480E-20, 
317.0873, 8.927554E-20, 
317.2011, 9.389428E-20, 
317.3149, 9.353544E-20, 
317.4286, 8.584403E-20, 
317.5424, 7.823887E-20, 
317.6561, 7.508445E-20, 
317.7697, 7.536535E-20, 
317.8834, 7.741441E-20, 
317.9970, 8.452719E-20, 
318.1106, 9.237104E-20, 
318.2242, 8.944055E-20, 
318.3378, 7.947592E-20, 
318.4513, 7.057341E-20, 
318.5649, 6.110519E-20, 
318.6784, 5.164654E-20, 
318.7918, 4.410400E-20, 
318.9053, 3.999285E-20, 
319.0187, 3.970135E-20, 
319.1321, 4.108195E-20, 
319.2455, 4.227391E-20, 
319.3589, 4.562748E-20, 
319.4722, 5.181985E-20, 
319.5855, 5.831630E-20, 
319.6988, 6.008458E-20, 
319.8121, 5.986745E-20, 
319.9253, 5.666011E-20, 
320.0386, 5.047568E-20, 
320.1518, 4.393692E-20, 
320.2650, 3.853626E-20, 
320.3781, 3.512250E-20, 
320.4912, 3.398831E-20, 
320.6044, 3.316811E-20, 
320.7174, 3.359787E-20, 
320.8305, 3.526710E-20, 
320.9436, 3.886489E-20, 
321.0566, 4.186018E-20, 
321.1696, 3.892647E-20, 
321.2825, 3.289333E-20, 
321.3955, 2.807061E-20, 
321.5084, 2.418835E-20, 
321.6213, 2.152319E-20, 
321.7342, 2.023195E-20, 
321.8471, 2.061178E-20, 
321.9599, 2.184675E-20, 
322.0727, 2.355795E-20, 
322.1855, 2.511579E-20, 
322.2983, 2.497788E-20, 
322.4110, 2.429351E-20, 
322.5237, 2.570825E-20, 
322.6364, 2.871254E-20, 
322.7491, 2.824034E-20, 
322.8618, 2.364731E-20, 
322.9744, 1.906120E-20, 
323.0870, 1.547230E-20, 
323.1996, 1.305517E-20, 
323.3121, 1.154853E-20, 
323.4247, 1.082480E-20, 
323.5372, 1.037376E-20, 
323.6497, 1.035500E-20, 
323.7621, 1.070448E-20, 
323.8746, 1.222678E-20, 
323.9870, 1.402861E-20, 
324.0994, 1.538950E-20, 
324.2118, 1.554436E-20, 
324.3241, 1.416883E-20, 
324.4365, 1.215840E-20, 
324.5488, 1.081038E-20, 
324.6610, 9.950872E-21, 
324.7733, 9.568793E-21, 
324.8855, 9.565956E-21, 
324.9978, 9.993387E-21, 
325.1099, 1.086101E-20, 
325.2221, 1.180382E-20, 
325.3343, 1.100061E-20, 
325.4464, 9.552822E-21, 
325.5585, 8.588669E-21, 
325.6705, 8.397070E-21, 
325.7826, 8.674264E-21, 
325.8946, 9.013956E-21, 
326.0066, 8.508148E-21, 
326.1186, 7.366233E-21, 
326.2306, 6.291025E-21, 
326.3425, 5.516073E-21, 
326.4544, 4.887876E-21, 
326.5663, 4.427362E-21, 
326.6782, 4.046066E-21, 
326.7900, 3.874174E-21, 
326.9018, 3.829272E-21, 
327.0136, 4.137161E-21, 
327.1254, 4.742919E-21, 
327.2372, 5.516972E-21, 
327.3489, 6.047790E-21, 
327.4606, 5.720587E-21, 
327.5723, 4.927773E-21, 
327.6840, 4.336290E-21, 
327.7956, 3.814155E-21, 
327.9072, 3.545125E-21, 
328.0188, 3.499336E-21, 
328.1304, 3.680822E-21, 
328.2419, 3.779424E-21, 
328.3534, 3.716776E-21, 
328.4649, 3.404182E-21, 
328.5764, 3.223768E-21, 
328.6879, 2.998406E-21, 
328.7993, 2.909583E-21, 
328.9107, 2.893013E-21, 
329.0221, 3.073254E-21, 
329.1335, 3.387174E-21, 
329.2448, 3.794887E-21, 
329.3561, 3.698568E-21, 
329.4674, 3.192692E-21, 
329.5787, 2.661966E-21, 
329.6900, 2.246861E-21, 
329.8012, 1.946375E-21, 
329.9124, 1.771150E-21, 
330.0236, 1.675558E-21, 
330.1348, 1.760818E-21, 
330.2459, 1.780467E-21, 
330.3570, 1.787259E-21, 
330.4681, 1.877178E-21, 
330.5792, 2.181008E-21, 
330.6902, 2.432707E-21, 
330.8013, 2.262786E-21, 
330.9123, 1.839667E-21, 
331.0232, 1.603086E-21, 
331.1342, 1.418797E-21, 
331.2451, 1.418901E-21, 
331.3561, 1.409157E-21, 
331.4670, 1.299129E-21, 
331.5778, 1.161264E-21, 
331.6887, 1.093255E-21, 
331.7995, 1.082495E-21, 
331.9103, 1.053100E-21, 
332.0211, 1.007094E-21, 
332.1319, 1.059855E-21, 
332.2426, 1.063999E-21, 
332.3533, 1.176496E-21, 
332.4640, 1.292740E-21, 
332.5747, 1.335359E-21, 
332.6853, 1.392299E-21, 
332.7960, 1.437155E-21, 
332.9066, 1.245071E-21, 
333.0172, 1.071437E-21, 
333.1277, 9.268825E-22, 
333.2383, 8.688286E-22, 
333.3488, 8.966921E-22, 
333.4593, 8.640075E-22, 
333.5698, 7.398912E-22, 
333.6802, 7.387058E-22, 
333.7907, 7.351854E-22, 
333.9011, 8.536872E-22, 
334.0115, 9.279515E-22, 
334.1219, 9.409607E-22, 
334.2322, 8.026879E-22, 
334.3425, 6.967987E-22, 
334.4529, 6.323151E-22, 
334.5631, 6.198178E-22, 
334.6734, 5.689983E-22, 
334.7836, 5.391665E-22, 
334.8939, 4.655272E-22, 
335.0041, 4.838431E-22, 
335.1143, 4.754658E-22, 
335.2244, 4.897677E-22, 
335.3346, 3.805034E-22, 
335.4447, 3.326924E-22, 
335.5548, 3.331294E-22, 
335.6648, 3.830114E-22, 
335.7749, 4.002975E-22, 
335.8849, 5.383420E-22, 
335.9949, 5.558334E-22, 
336.1049, 4.976953E-22, 
336.2149, 3.820382E-22, 
336.3249, 3.646759E-22, 
336.4348, 3.071812E-22, 
336.5447, 3.608407E-22, 
336.6546, 3.124567E-22, 
336.7645, 2.630602E-22, 
336.8743, 2.221862E-22, 
336.9841, 2.381244E-22, 
337.0940, 2.384046E-22, 
337.2037, 2.809413E-22, 
337.3135, 2.711042E-22, 
337.4233, 3.075272E-22, 
337.5330, 2.708782E-22, 
337.6427, 2.796371E-22, 
337.7524, 2.105388E-22, 
337.8620, 2.282054E-22, 
337.9717, 1.942501E-22, 
338.0813, 2.181019E-22, 
338.1909, 1.795031E-22, 
338.3005, 1.819788E-22, 
338.4101, 1.723908E-22, 
338.5196, 1.942432E-22, 
338.6292, 1.622688E-22, 
338.7387, 1.961389E-22, 
338.8482, 1.632317E-22, 
338.9576, 1.589929E-22, 
339.0671, 1.207745E-22, 
339.1765, 1.383743E-22, 
339.2859, 1.584959E-22, 
339.3953, 2.246066E-22, 
339.5047, 2.208648E-22, 
339.6140, 2.645949E-22, 
339.7234, 1.872508E-22, 
339.8327, 1.975964E-22, 
339.9420, 1.986699E-22, 
340.0512, 2.115996E-22, 
340.1605, 1.745782E-22, 
340.2697, 1.486749E-22, 
340.3790, 1.395470E-22, 
340.4882, 1.545961E-22, 
340.5973, 1.200573E-22, 
340.7065, 1.207734E-22, 
340.8156, 7.881116E-23, 
340.9248, 8.611789E-23, 
341.0339, 8.490564E-23, 
341.1430, 9.944277E-23, 
341.2520, 8.984298E-23, 
341.3611, 1.004086E-22, 
341.4701, 9.397085E-23, 
341.5791, 1.093220E-22, 
341.6881, 7.652652E-23, 
341.7971, 1.131240E-22, 
341.9061, 6.711595E-23, 
342.0150, 1.401939E-22, 
342.1239, 1.385427E-22, 
342.2328, 1.312089E-22, 
342.3417, 1.071338E-22, 
342.4506, 1.327160E-22, 
342.5594, 6.603296E-23, 
342.6683, 5.272089E-23, 
342.7771, 5.262057E-23, 
342.8859, 6.149736E-23, 
342.9947, 3.498736E-23, 
343.1034, 3.001173E-23, 
343.2122, 4.535834E-23, 
343.3209, 5.818047E-23, 
343.4296, 4.122217E-23, 
343.5383, 2.497038E-23, 
343.6470, -2.119167E-23, 
343.7556, 1.951622E-23, 
343.8643, 5.340006E-24, 
343.9729, -1.875171E-23, 
344.0815, -2.727312E-23, 
344.1901, 2.282446E-23, 
344.2987, 3.364285E-23, 
344.4072, 6.367580E-23, 
344.5158, 2.042371E-23, 
344.6243, 1.400440E-23, 
344.7328, -2.740803E-23, 
344.8413, 8.112059E-24, 
344.9498, 1.196457E-23, 
345.0582, 3.941065E-23, 
345.1666, -3.996529E-23, 
345.2751, 1.839656E-23, 
345.3835, 6.942815E-24, 
345.4919, 2.913538E-23, 
345.6002, 2.104638E-23, 
345.7086, 4.904134E-24, 
345.8169, 1.774852E-23, 
345.9253, 4.159347E-23, 
346.0336, 1.285015E-23, 
346.1419, 7.613470E-23, 
346.2501, 4.315477E-23, 
346.3584, 9.696095E-23, 
346.4666, 8.036853E-23, 
346.5749, 9.819015E-23, 
346.6831, 8.912356E-23, 
346.7913, 1.253512E-22, 
346.8995, 1.552811E-22, 
347.0076, 2.008619E-22, 
347.1158, 1.328233E-22, 
347.2239, 1.438296E-22, 
347.3320, 1.082346E-22, 
347.4401, 1.417471E-22, 
347.5482, 7.359684E-23, 
347.6563, 1.041295E-22, 
347.7644, 3.291063E-23, 
347.8724, 7.276868E-23, 
347.9805, 6.426134E-23, 
348.0885, 4.542522E-23, 
348.1965, 3.597672E-24, 
348.3045, 7.685066E-23, 
348.4124, 1.241197E-23, 
348.5204, 5.074678E-23, 
348.6283, 1.728266E-23, 
348.7363, 5.522311E-23, 
348.8442, 5.066030E-23, 
348.9521, 1.244691E-22, 
349.0599, 1.081754E-22, 
349.1678, 1.122785E-22, 
349.2757, 6.086050E-23, 
349.3835, 1.292994E-22, 
349.4913, 9.425001E-23, 
349.5992, 1.204874E-22, 
349.7070, 1.018657E-22, 
349.8147, 9.913420E-23, 
349.9225, 5.357764E-23, 
350.0303, 6.452356E-23, 
350.1380, 1.944818E-23, 
350.2458, 2.990795E-23, 
350.3535, -2.367314E-24, 
350.4612, 6.012402E-23, 
350.5689, 5.625975E-23, 
350.6765, 6.709785E-23, 
350.7842, 4.032506E-23, 
350.8919, 4.873923E-23, 
350.9995, 4.265086E-23, 
351.1071, 4.157848E-23, 
351.2147, 5.132333E-23, 
351.3223, -1.527050E-23, 
351.4299, -6.550185E-23, 
351.5375, -6.560793E-23, 
351.6451, -8.377272E-23, 
351.7526, -7.330949E-23, 
351.8601, -1.153100E-22, 
351.9677, -5.172230E-23, 
352.0752, -9.476176E-23, 
352.1827, -4.446584E-23, 
352.2901, -5.188604E-23, 
352.3976, -1.197148E-23, 
352.5051, 4.770375E-24, 
352.6125, 2.003511E-23, 
352.7200, 4.472414E-23, 
352.8274, 8.546835E-23, 
352.9348, 1.356357E-22, 
353.0422, 2.620696E-22, 
353.1496, 2.269139E-22, 
353.2570, 3.056580E-22, 
353.3643, 2.897452E-22, 
353.4717, 3.019738E-22, 
353.5790, 2.189991E-22, 
353.6864, 1.884431E-22, 
353.7937, 1.271443E-22, 
353.9010, 1.431032E-22, 
354.0083, 9.822048E-23, 
354.1156, 1.134256E-22, 
354.2228, 2.297898E-23, 
354.3301, 5.103736E-23, 
354.4374, 1.013114E-23, 
354.5446, 4.025703E-23, 
354.6518, 7.736148E-24, 
354.7591, 4.103652E-23, 
354.8663, 2.738036E-23, 
354.9735, 4.847632E-23, 
355.0806, 2.991141E-23, 
355.1878, 3.294522E-23, 
355.2950, 1.662540E-23, 
355.4021, 5.135561E-23, 
355.5093, 4.144472E-23, 
355.6164, 4.105843E-23, 
355.7236, 2.037758E-23, 
355.8307, 6.559190E-23, 
355.9378, -3.654174E-24, 
356.0449, 2.574757E-23, 
356.1520, -8.244665E-25, 
356.2590, 4.394233E-23, 
356.3661, 2.580638E-23, 
356.4731, 4.333004E-23, 
356.5802, 2.967157E-23, 
356.6872, -1.278557E-23, 
356.7943, -7.763822E-24, 
356.9013, 1.673494E-23, 
357.0083, 1.149179E-23, 
357.1153, 5.300685E-23, 
357.2223, 6.524862E-23, 
357.3292, 1.104919E-22, 
357.4362, 1.031707E-22, 
357.5432, 1.346959E-22, 
357.6501, 1.342716E-22, 
357.7571, 2.139589E-22, 
357.8640, 2.531885E-22, 
357.9709, 2.413738E-22, 
358.0778, 2.482394E-22, 
358.1848, 2.507485E-22, 
358.2917, 1.325292E-22, 
358.3985, 1.557100E-22, 
358.5054, 1.537140E-22, 
358.6123, 1.455224E-22, 
358.7192, 9.922598E-23, 
358.8260, 1.437328E-22, 
358.9329, 1.440983E-22, 
359.0397, 1.462846E-22, 
359.1465, 1.993376E-22, 
359.2534, 1.973900E-22, 
359.3602, 2.112929E-22, 
359.4670, 2.030909E-22, 
359.5738, 1.642233E-22, 
359.6806, 1.277773E-22, 
359.7874, 9.551473E-23, 
359.8942, 6.208867E-23, 
360.0009, 9.641069E-24, 
360.1077, 3.934608E-23, 
360.2144, -1.689176E-23, 
360.3212, -5.187797E-24, 
360.4279, -4.707531E-23, 
360.5347, -3.397379E-23, 
360.6414, 4.378321E-24, 
360.7481, 1.226898E-23, 
360.8548, -3.103453E-23, 
360.9615, -1.519094E-23, 
361.0682, -2.726274E-23, 
361.1749, 3.622002E-23, 
361.2816, 3.827600E-23, 
361.3883, 4.821457E-23, 
361.4950, 5.252716E-23, 
361.6016, 8.259713E-23, 
361.7083, 5.543874E-23, 
361.8149, 8.130900E-23, 
361.9216, 7.339562E-23, 
362.0282, 1.302034E-22, 
362.1348, 9.220534E-23, 
362.2415, 1.135628E-22, 
362.3481, 1.607225E-22, 
362.4547, 1.811047E-22, 
362.5613, 1.805074E-22, 
362.6679, 1.602290E-22, 
362.7745, 1.636779E-22, 
362.8811, 2.104465E-22, 
362.9877, 2.245259E-22, 
363.0943, 2.732132E-22, 
363.2008, 2.268148E-22, 
363.3074, 2.702659E-22, 
363.4140, 3.082732E-22, 
363.5205, 3.162123E-22, 
363.6271, 2.646445E-22, 
363.7336, 2.883038E-22, 
363.8402, 2.634684E-22, 
363.9467, 2.153068E-22, 
364.0532, 1.727943E-22, 
364.1597, 1.594253E-22, 
364.2663, 1.110538E-22, 
364.3728, 7.094817E-23, 
364.4793, 8.254028E-23, 
364.5858, 1.472024E-22, 
364.6923, 9.733917E-23, 
364.7988, 1.109434E-22, 
364.9053, 6.614124E-23, 
365.0118, 8.797323E-23, 
365.1183, 1.039068E-22, 
365.2247, 1.136774E-22, 
365.3312, 1.102576E-22, 
365.4377, 1.319919E-22, 
365.5441, 1.741365E-22, 
365.6506, 1.645393E-22, 
365.7571, 1.345126E-22, 
365.8635, 1.567524E-22, 
365.9700, 9.231373E-23, 
366.0764, 1.176831E-22, 
366.1828, 1.077490E-22, 
366.2893, 6.592745E-23, 
366.3957, 4.717909E-23, 
366.5021, 4.866543E-23, 
366.6086, 8.805072E-24, 
366.7150, 2.456795E-23, 
366.8214, 2.591016E-24, 
366.9278, 2.729734E-23, 
367.0342, 1.545269E-23, 
367.1406, 1.578133E-23, 
367.2470, -1.214214E-24, 
367.3534, 3.672969E-23, 
367.4598, 2.241396E-23, 
367.5662, 2.375847E-23, 
367.6726, -1.101672E-23, 
367.7790, 3.009591E-24, 
367.8854, 3.865768E-23, 
367.9918, 2.046522E-23, 
368.0982, -5.661721E-24, 
368.2045, -1.022800E-23, 
368.3109, -2.927490E-23, 
368.4173, -4.323318E-23, 
368.5236, -3.332574E-23, 
368.6300, 1.896734E-23, 
368.7364, 1.863986E-23, 
368.8427, -1.114702E-23, 
368.9491, 3.536558E-23, 
369.0554, 2.762482E-23, 
369.1618, 5.015639E-23, 
369.2681, 1.001085E-22, 
369.3745, 1.230369E-22, 
369.4808, 1.480799E-22, 
369.5872, 1.613152E-22, 
369.6935, 2.161359E-22, 
369.7999, 2.664088E-22, 
369.9062, 3.814559E-22, 
370.0125, 4.843989E-22, 
370.1189, 5.515162E-22, 
370.2252, 6.445472E-22, 
370.3315, 6.019459E-22, 
370.4379, 4.907017E-22, 
370.5442, 4.250004E-22, 
370.6505, 2.966407E-22, 
370.7569, 2.670003E-22, 
370.8632, 1.853516E-22, 
370.9695, 1.483878E-22, 
371.0758, 1.531513E-22, 
371.1821, 1.458556E-22, 
371.2885, 1.065133E-22, 
371.3948, 1.113123E-22, 
371.5011, 5.277854E-23, 
371.6074, 6.088795E-23, 
371.7137, 8.403193E-23, 
371.8200, 5.639236E-23, 
371.9263, 7.094217E-23, 
372.0326, 6.607978E-23, 
372.1390, 5.939145E-23, 
372.2453, 6.448965E-23, 
372.3516, 6.182761E-23, 
372.4579, 8.523634E-23, 
372.5642, 6.440963E-23, 
372.6705, 6.783826E-23, 
372.7768, 9.340733E-23, 
372.8831, 1.009674E-22, 
372.9894, 1.004064E-22, 
373.0957, 7.976638E-23, 
373.2020, 8.327815E-23, 
373.3083, 1.133172E-22, 
373.4146, 1.166914E-22, 
373.5209, 1.160169E-22, 
373.6272, 9.985754E-23, 
373.7335, 1.090219E-22, 
373.8398, 1.305701E-22, 
373.9461, 1.219888E-22, 
374.0524, 1.129894E-22, 
374.1587, 1.234647E-22, 
374.2650, 1.380238E-22, 
374.3713, 1.704881E-22, 
374.4776, 1.918689E-22, 
374.5839, 2.235377E-22, 
374.6902, 2.642167E-22, 
374.7965, 3.484587E-22, 
374.9028, 3.596853E-22, 
375.0091, 4.159693E-22, 
375.1154, 4.596418E-22, 
375.2217, 4.578510E-22, 
375.3280, 3.451886E-22, 
375.4343, 2.782592E-22, 
375.5406, 2.375697E-22, 
375.6469, 2.242168E-22, 
375.7532, 1.575319E-22, 
375.8595, 1.411314E-22, 
375.9659, 1.141652E-22, 
376.0722, 6.856713E-23, 
376.1785, 4.526955E-23, 
376.2848, 5.750856E-23, 
376.3911, 6.767117E-23, 
376.4974, 6.874828E-23, 
376.6037, 3.907510E-23, 
376.7100, 5.687666E-23, 
376.8163, 5.596571E-23, 
376.9226, 6.536001E-23, 
377.0290, 3.597211E-23, 
377.1353, 8.059777E-23, 
377.2416, 8.602553E-23, 
377.3479, 9.334817E-23, 
377.4542, 7.788522E-23, 
377.5605, 1.043600E-22, 
377.6669, 1.571698E-22, 
377.7732, 1.492065E-22, 
377.8795, 1.143276E-22, 
377.9858, 1.050031E-22, 
378.0922, 6.056923E-23, 
378.1985, 5.157586E-23, 
378.3048, 2.527941E-23, 
378.4112, 4.143319E-23, 
378.5175, 4.146548E-23, 
378.6238, 3.566654E-23, 
378.7302, 1.122773E-23, 
378.8365, 6.158938E-23, 
378.9428, 6.559848E-23, 
379.0492, 5.670369E-23, 
379.1555, 4.269122E-23, 
379.2619, 6.799439E-23, 
379.3682, 1.956004E-23, 
379.4746, 3.684155E-24, 
379.5809, 6.318227E-23, 
379.6872, 5.016907E-23, 
379.7936, 7.318380E-23, 
379.9000, 5.390512E-23, 
380.0063, 6.435163E-23, 
380.1127, 7.869711E-23, 
380.2190, 6.616522E-23, 
380.3254, 7.703481E-23, 
380.4318, 1.009538E-22, 
380.5381, 1.217005E-22, 
380.6445, 1.168713E-22, 
380.7509, 9.453437E-23, 
380.8572, 6.635629E-23, 
380.9636, 1.188373E-22, 
381.0700, 1.191418E-22, 
381.1764, 9.692255E-23, 
381.2827, 6.852677E-23, 
381.3891, 9.239306E-23, 
381.4955, 1.091241E-22, 
381.6019, 1.337804E-22, 
381.7083, 1.322836E-22, 
381.8147, 1.512856E-22, 
381.9211, 1.633804E-22, 
382.0275, 1.733052E-22, 
382.1339, 1.543424E-22, 
382.2403, 1.826234E-22, 
382.3467, 2.196102E-22, 
382.4531, 2.482809E-22, 
382.5595, 3.023082E-22, 
382.6659, 3.370177E-22, 
382.7723, 3.721377E-22, 
382.8787, 4.206267E-22, 
382.9851, 3.901687E-22, 
383.0916, 3.690012E-22, 
383.1980, 3.117613E-22, 
383.3044, 2.899516E-22, 
383.4108, 2.109135E-22, 
383.5173, 1.820918E-22, 
383.6237, 1.427676E-22, 
383.7301, 1.399564E-22, 
383.8366, 1.053247E-22, 
383.9430, 8.381388E-23, 
384.0495, 6.396303E-23, 
384.1559, 1.222228E-22, 
384.2623, 6.457810E-23, 
384.3688, 5.728716E-23, 
384.4753, 7.507811E-23, 
384.5817, 8.679395E-23, 
384.6882, 8.094220E-23, 
384.7946, 6.796406E-23, 
384.9011, 6.832659E-23, 
385.0076, 9.995832E-23, 
385.1140, 6.080412E-23, 
385.2205, 2.730425E-23, 
385.3270, 7.329403E-23, 
385.4334, 4.762418E-23, 
385.5399, 6.566363E-23, 
385.6464, 8.524799E-23, 
385.7529, 7.693645E-23, 
385.8594, 6.987117E-23, 
385.9659, 5.813504E-23, 
386.0724, 5.512510E-23, 
386.1789, 6.638212E-23, 
386.2854, 9.623761E-23, 
386.3919, 9.526486E-23, 
386.4984, 8.437602E-23, 
386.6049, 7.150788E-23, 
386.7114, 1.119405E-22, 
386.8179, 9.828794E-23, 
386.9244, 8.724366E-23, 
387.0309, 8.186998E-23, 
387.1374, 9.705435E-23, 
387.2440, 9.356749E-23, 
387.3505, 1.469707E-22, 
387.4570, 1.023547E-22, 
387.5636, 1.044400E-22, 
387.6701, 1.448420E-22, 
387.7766, 1.554206E-22, 
387.8832, 1.833106E-22, 
387.9897, 1.975825E-22, 
388.0963, 2.370105E-22, 
388.2028, 2.328939E-22, 
388.3093, 3.207198E-22, 
388.4159, 3.113554E-22, 
388.5225, 2.780689E-22, 
388.6290, 2.217077E-22, 
388.7356, 1.985800E-22, 
388.8421, 1.712965E-22, 
388.9487, 1.453171E-22, 
389.0553, 1.317405E-22, 
389.1618, 1.674370E-22, 
389.2684, 1.303061E-22, 
389.3750, 1.715870E-22, 
389.4816, 1.284058E-22, 
389.5882, 7.872525E-23, 
389.6947, 1.309126E-22, 
389.8013, 1.136793E-22, 
389.9079, 1.460874E-22, 
390.0145, 7.304462E-23, 
390.1211, 9.869221E-23, 
390.2277, 4.924659E-23, 
390.3343, 9.680989E-23, 
390.4409, 1.160918E-22, 
390.5475, 1.486196E-22, 
390.6541, 1.312435E-22, 
390.7607, 1.696176E-22, 
390.8673, 1.030189E-22, 
390.9739, 7.495784E-23, 
391.0805, 8.877348E-23, 
391.1872, 1.246743E-22, 
391.2938, 5.674405E-23, 
391.4004, 9.748642E-23, 
391.5070, 1.073882E-22, 
391.6136, 1.136570E-22, 
391.7203, 9.359136E-23, 
391.8269, 1.143114E-22, 
391.9335, 7.915213E-23, 
392.0402, 1.055707E-22, 
392.1468, 7.097169E-23, 
392.2534, 4.647339E-23, 
392.3601, 5.759619E-23, 
392.4667, 1.109260E-22, 
392.5734, 1.112405E-22, 
392.6800, 1.025664E-22, 
392.7867, 5.901024E-23, 
392.8933, 6.845989E-23, 
393.0000, 9.238130E-23, 
393.1066, 8.836966E-23, 
393.2133, 6.509446E-23, 
393.3199, 6.772352E-23, 
393.4266, 1.141100E-22, 
393.5333, 6.766149E-23, 
393.6399, 5.093819E-23, 
393.7466, 7.233027E-23, 
393.8532, 5.278085E-23, 
393.9599, 6.002335E-23, 
394.0666, 1.126301E-22, 
394.1732, 1.129528E-22, 
394.2799, 5.852190E-23, 
394.3866, 1.143542E-22, 
394.4933, 9.855903E-23, 
394.5999, 6.286401E-23, 
394.7066, 1.319123E-22, 
394.8133, 9.385773E-23, 
394.9200, 6.932184E-23, 
395.0267, 1.306220E-22
