210, 1.3800, 1.325e-8,
250, 1.3509, 8.623e-9,
300, 1.3339, 5.504e-9,
350, 1.3249, 3.765e-9,
400, 1.3194, 2.710e-9,
420, 1.3177, 2.260e-9,
440, 1.3163, 1.910e-9,
460, 1.3151, 1.530e-9,
480, 1.3140, 1.640e-9,
500, 1.3130, 1.910e-9,
520, 1.3122, 2.260e-9,
540, 1.3114, 2.930e-9,
560, 1.3106, 3.290e-9,
580, 1.3100, 4.040e-9,
600, 1.3094, 5.730e-9,
620, 1.3088, 8.850e-9,
640, 1.3083, 1.220e-8,
660, 1.3078, 1.660e-8,
680, 1.3073, 2.090e-8,
700, 1.3069, 2.900e-8,
720, 1.3065, 4.030e-8,
740, 1.3060, 4.920e-8,
760, 1.3057, 7.080e-8,
780, 1.3053, 1.020e-7,
800, 1.3049, 1.340e-7,
820, 1.3045, 1.430e-7,
840, 1.3042, 1.510e-7,
860, 1.3038, 2.150e-7,
880, 1.3035, 3.350e-7,
900, 1.3032, 4.200e-7,
920, 1.3028, 4.740e-7,
940, 1.3025, 5.530e-7,
960, 1.3022, 7.550e-7,
980, 1.3018, 1.120e-6,
1000, 1.3015, 1.620e-6,
1010, 1.3013, 2.000e-6,
1020, 1.3012, 2.250e-6,
1030, 1.3010, 2.330e-6,
1040, 1.3008, 2.330e-6,
1050, 1.3006, 2.170e-6,
1060, 1.3005, 1.960e-6,
1070, 1.3003, 1.810e-6,
1080, 1.3001, 1.740e-6,
1090, 1.3000, 1.730e-6,
1100, 1.2998, 1.700e-6,
1110, 1.2996, 1.760e-6,
1120, 1.2995, 1.820e-6,
1130, 1.2993, 2.040e-6,
1140, 1.2991, 2.250e-6,
1150, 1.2989, 2.290e-6,
1160, 1.2987, 3.040e-6,
1170, 1.2985, 3.840e-6,
1180, 1.2984, 4.770e-6,
1190, 1.2982, 5.760e-6,
1200, 1.2980, 6.710e-6,
1210, 1.2978, 8.660e-6,
1220, 1.2976, 1.020e-5,
1230, 1.2974, 1.130e-5,
1240, 1.2972, 1.220e-5,
1250, 1.2970, 1.290e-5,
1260, 1.2969, 1.320e-5,
1270, 1.2967, 1.350e-5,
1280, 1.2965, 1.330e-5,
1290, 1.2963, 1.320e-5,
1300, 1.2961, 1.320e-5,
1310, 1.2958, 1.310e-5,
1320, 1.2956, 1.320e-5,
1330, 1.2954, 1.320e-5,
1340, 1.2952, 1.340e-5,
1350, 1.2950, 1.390e-5,
1360, 1.2948, 1.420e-5,
1370, 1.2945, 1.480e-5,
1380, 1.2943, 1.580e-5,
1390, 1.2941, 1.740e-5,
1400, 1.2938, 1.980e-5,
1410, 1.2936, 2.500e-5,
1420, 1.2933, 5.400e-5,
1430, 1.2930, 1.040e-4,
1440, 1.2927, 2.030e-4,
1450, 1.2925, 2.708e-4,
1460, 1.2923, 3.511e-4,
1471, 1.2921, 4.299e-4,
1481, 1.2919, 5.181e-4,
1493, 1.2917, 5.855e-4,
1504, 1.2915, 5.899e-4,
1515, 1.2913, 5.635e-4,
1527, 1.2911, 5.480e-4,
1538, 1.2908, 5.266e-4,
1563, 1.2903, 4.394e-4,
1587, 1.2896, 3.701e-4,
1613, 1.2889, 3.372e-4,
1650, 1.2878, 2.410e-4,
1680, 1.2869, 1.890e-4,
1700, 1.2862, 1.660e-4,
1730, 1.2852, 1.450e-4,
1760, 1.2841, 1.280e-4,
1800, 1.2826, 1.030e-4,
1830, 1.2814, 8.600e-5,
1840, 1.2809, 8.200e-5,
1850, 1.2805, 8.030e-5,
1855, 1.2802, 8.500e-5,
1860, 1.2800, 9.900e-5,
1870, 1.2795, 1.500e-4,
1890, 1.2785, 2.950e-4,
1905, 1.2777, 4.687e-4,
1923, 1.2769, 7.615e-4,
1942, 1.2761, 1.010e-3,
1961, 1.2754, 1.313e-3,
1980, 1.2747, 1.539e-3,
2000, 1.2740, 1.588e-3,
2020, 1.2733, 1.540e-3,
2040, 1.2724, 1.412e-3,
2062, 1.2714, 1.244e-3,
2083, 1.2703, 1.068e-3,
2105, 1.2690, 8.414e-4,
2130, 1.2674, 5.650e-4,
2150, 1.2659, 4.320e-4,
2170, 1.2644, 3.500e-4,
2190, 1.2628, 2.870e-4,
2220, 1.2604, 2.210e-4,
2240, 1.2586, 2.030e-4,
2245, 1.2582, 2.010e-4,
2250, 1.2577, 2.030e-4,
2260, 1.2567, 2.140e-4,
2270, 1.2558, 2.320e-4,
2290, 1.2538, 2.890e-4,
2310, 1.2518, 3.810e-4,
2330, 1.2497, 4.620e-4,
2350, 1.2475, 5.480e-4,
2370, 1.2451, 6.180e-4,
2390, 1.2427, 6.800e-4,
2410, 1.2400, 7.300e-4,
2430, 1.2373, 7.820e-4,
2460, 1.2327, 8.480e-4,
2500, 1.2258, 9.250e-4,
2520, 1.2220, 9.200e-4,
2550, 1.2155, 8.920e-4,
2565, 1.2118, 8.700e-4,
2580, 1.2079, 8.900e-4,
2590, 1.2051, 9.300e-4,
2600, 1.2021, 1.010e-3,
2620, 1.1957, 1.350e-3,
2675, 1.1741, 3.420e-3,
2725, 1.1473, 7.920e-3,
2778, 1.1077, 2.000e-2,
2817, 1.0674, 3.800e-2,
2833, 1.0476, 5.200e-2,
2849, 1.0265, 6.800e-2,
2865, 1.0036, 9.230e-2,
2882, 0.9820, 1.270e-1,
2899, 0.9650, 1.690e-1,
2915, 0.9596, 2.210e-1,
2933, 0.9727, 2.760e-1,
2950, 0.9917, 3.120e-1,
2967, 1.0067, 3.470e-1,
2985, 1.0219, 3.880e-1,
3003, 1.0427, 4.380e-1,
3021, 1.0760, 4.930e-1,
3040, 1.1295, 5.540e-1,
3058, 1.2127, 6.120e-1,
3077, 1.3251, 6.250e-1,
3096, 1.4260, 5.930e-1,
3115, 1.4966, 5.390e-1,
3135, 1.5510, 4.910e-1,
3155, 1.5999, 4.380e-1,
3175, 1.6363, 3.720e-1,
3195, 1.6502, 3.000e-1,
3215, 1.6428, 2.380e-1,
3236, 1.6269, 1.930e-1,
3257, 1.6128, 1.580e-1,
3279, 1.5924, 1.210e-1,
3300, 1.5733, 1.030e-1,
3322, 1.5577, 8.360e-2,
3345, 1.5413, 6.680e-2,
3367, 1.5265, 5.400e-2,
3390, 1.5114, 4.220e-2,
3413, 1.4973, 3.420e-2,
3436, 1.4845, 2.740e-2,
3460, 1.4721, 2.200e-2,
3484, 1.4612, 1.860e-2,
3509, 1.4513, 1.520e-2,
3534, 1.4421, 1.260e-2,
3559, 1.4337, 1.060e-2,
3624, 1.4155, 8.020e-3,
3732, 1.3942, 6.850e-3,
3775, 1.3873, 6.600e-3,
3847, 1.3773, 6.960e-3,
3969, 1.3645, 9.160e-3,
4099, 1.3541, 1.110e-2,
4239, 1.3446, 1.450e-2,
4348, 1.3388, 2.000e-2,
4387, 1.3381, 2.300e-2,
4444, 1.3385, 2.600e-2,
4505, 1.3405, 2.900e-2,
4547, 1.3429, 2.930e-2,
4560, 1.3442, 3.000e-2,
4580, 1.3463, 2.850e-2,
4719, 1.3442, 1.730e-2,
4904, 1.3345, 1.290e-2,
5000, 1.3290, 1.200e-2,
5100, 1.3233, 1.250e-2,
5200, 1.3180, 1.340e-2,
5263, 1.3143, 1.400e-2,
5400, 1.3062, 1.750e-2,
5556, 1.2972, 2.400e-2,
5714, 1.2890, 3.500e-2,
5747, 1.2873, 3.800e-2,
5780, 1.2860, 4.200e-2,
5814, 1.2851, 4.600e-2,
5848, 1.2854, 5.200e-2,
5882, 1.2881, 5.700e-2,
6061, 1.3016, 6.900e-2,
6135, 1.3090, 7.000e-2,
6250, 1.3172, 6.700e-2,
6289, 1.3189, 6.500e-2,
6329, 1.3204, 6.400e-2,
6369, 1.3220, 6.200e-2,
6410, 1.3224, 5.900e-2,
6452, 1.3215, 5.700e-2,
6494, 1.3204, 5.600e-2,
6579, 1.3181, 5.500e-2,
6667, 1.3171, 5.700e-2,
6757, 1.3181, 5.800e-2,
6897, 1.3195, 5.700e-2,
7042, 1.3193, 5.500e-2,
7143, 1.3190, 5.500e-2,
7246, 1.3191, 5.400e-2,
7353, 1.3180, 5.200e-2,
7463, 1.3163, 5.200e-2,
7576, 1.3154, 5.200e-2,
7692, 1.3154, 5.200e-2,
7812, 1.3155, 5.000e-2,
7937, 1.3145, 4.700e-2,
8065, 1.3119, 4.300e-2,
8197, 1.3068, 3.900e-2,
8333, 1.2993, 3.700e-2,
8475, 1.2925, 3.900e-2,
8696, 1.2839, 4.000e-2,
8929, 1.2740, 4.200e-2,
9091, 1.2672, 4.400e-2,
9259, 1.2599, 4.500e-2,
9524, 1.2451, 4.600e-2,
9804, 1.2224, 4.700e-2,
10000, 1.1991, 5.100e-2,
10200, 1.1715, 6.500e-2,
10310, 1.1553, 7.500e-2,
10420, 1.1370, 8.800e-2,
10530, 1.1181, 1.080e-1,
10640, 1.1013, 1.340e-1,
10750, 1.0908, 1.680e-1,
10870, 1.0873, 2.040e-1,
11000, 1.0925, 2.480e-1,
11110, 1.1065, 2.800e-1,
11360, 1.1478, 3.410e-1,
11630, 1.2020, 3.790e-1,
11900, 1.2582, 4.090e-1,
12200, 1.3231, 4.220e-1,
12500, 1.3857, 4.220e-1,
12820, 1.4448, 4.030e-1,
12990, 1.4717, 3.890e-1,
13160, 1.4962, 3.740e-1,
13330, 1.5165, 3.540e-1,
13510, 1.5333, 3.350e-1,
13700, 1.5490, 3.150e-1,
13890, 1.5628, 2.940e-1,
14080, 1.5732, 2.710e-1,
14290, 1.5803, 2.460e-1,
14710, 1.5792, 1.980e-1,
15150, 1.5667, 1.640e-1