175.43921, 9.252e-19, 
175.44037, 9.207e-19, 
175.44153, 9.163e-19, 
175.44269, 9.114e-19, 
175.44386, 9.064e-19, 
175.44502, 9.012e-19, 
175.44618, 8.961e-19, 
175.44734, 8.914e-19, 
175.44851, 8.871e-19, 
175.44967, 8.836e-19, 
175.45083, 8.806e-19, 
175.45200, 8.785e-19, 
175.45316, 8.773e-19, 
175.45432, 8.769e-19, 
175.45548, 8.767e-19, 
175.45665, 8.767e-19, 
175.45781, 8.764e-19, 
175.45897, 8.756e-19, 
175.46013, 8.738e-19, 
175.46130, 8.708e-19, 
175.46246, 8.670e-19, 
175.46362, 8.621e-19, 
175.46479, 8.566e-19, 
175.46595, 8.510e-19, 
175.46711, 8.455e-19, 
175.46828, 8.406e-19, 
175.46944, 8.364e-19, 
175.47060, 8.333e-19, 
175.47176, 8.314e-19, 
175.47293, 8.307e-19, 
175.47409, 8.308e-19, 
175.47525, 8.319e-19, 
175.47642, 8.333e-19, 
175.47758, 8.351e-19, 
175.47874, 8.366e-19, 
175.47990, 8.376e-19, 
175.48107, 8.381e-19, 
175.48223, 8.379e-19, 
175.48339, 8.370e-19, 
175.48455, 8.356e-19, 
175.48572, 8.339e-19, 
175.48688, 8.323e-19, 
175.48804, 8.307e-19, 
175.48921, 8.295e-19, 
175.49037, 8.284e-19, 
175.49153, 8.277e-19, 
175.49269, 8.273e-19, 
175.49386, 8.268e-19, 
175.49502, 8.264e-19, 
175.49618, 8.259e-19, 
175.49734, 8.253e-19, 
175.49851, 8.249e-19, 
175.49967, 8.246e-19, 
175.50083, 8.244e-19, 
175.50200, 8.243e-19, 
175.50316, 8.244e-19, 
175.50432, 8.247e-19, 
175.50549, 8.253e-19, 
175.50665, 8.261e-19, 
175.50781, 8.271e-19, 
175.50897, 8.281e-19, 
175.51014, 8.296e-19, 
175.51130, 8.310e-19, 
175.51246, 8.321e-19, 
175.51362, 8.327e-19, 
175.51479, 8.323e-19, 
175.51595, 8.310e-19, 
175.51711, 8.284e-19, 
175.51828, 8.246e-19, 
175.51944, 8.196e-19, 
175.52060, 8.141e-19, 
175.52177, 8.083e-19, 
175.52293, 8.030e-19, 
175.52409, 7.981e-19, 
175.52525, 7.941e-19, 
175.52642, 7.910e-19, 
175.52758, 7.886e-19, 
175.52874, 7.871e-19, 
175.52991, 7.861e-19, 
175.53107, 7.852e-19, 
175.53223, 7.844e-19, 
175.53339, 7.839e-19, 
175.53456, 7.833e-19, 
175.53572, 7.827e-19, 
175.53688, 7.819e-19, 
175.53804, 7.809e-19, 
175.53921, 7.796e-19, 
175.54037, 7.781e-19, 
175.54153, 7.760e-19, 
175.54270, 7.733e-19, 
175.54386, 7.705e-19, 
175.54502, 7.676e-19, 
175.54618, 7.649e-19, 
175.54735, 7.625e-19, 
175.54851, 7.606e-19, 
175.54967, 7.594e-19, 
175.55084, 7.593e-19, 
175.55200, 7.596e-19, 
175.55316, 7.604e-19, 
175.55432, 7.613e-19, 
175.55549, 7.621e-19, 
175.55665, 7.625e-19, 
175.55781, 7.625e-19, 
175.55897, 7.618e-19, 
175.56014, 7.607e-19, 
175.56130, 7.591e-19, 
175.56246, 7.573e-19, 
175.56363, 7.554e-19, 
175.56479, 7.530e-19, 
175.56595, 7.505e-19, 
175.56711, 7.476e-19, 
175.56828, 7.439e-19, 
175.56944, 7.399e-19, 
175.57060, 7.357e-19, 
175.57177, 7.314e-19, 
175.57293, 7.279e-19, 
175.57409, 7.249e-19, 
175.57526, 7.230e-19, 
175.57642, 7.224e-19, 
175.57758, 7.228e-19, 
175.57874, 7.240e-19, 
175.57990, 7.256e-19, 
175.58107, 7.271e-19, 
175.58223, 7.286e-19, 
175.58339, 7.296e-19, 
175.58456, 7.304e-19, 
175.58572, 7.311e-19, 
175.58688, 7.320e-19, 
175.58805, 7.335e-19, 
175.58921, 7.356e-19, 
175.59037, 7.379e-19, 
175.59153, 7.401e-19, 
175.59270, 7.422e-19, 
175.59386, 7.436e-19, 
175.59502, 7.437e-19, 
175.59619, 7.427e-19, 
175.59735, 7.403e-19, 
175.59851, 7.373e-19, 
175.59967, 7.344e-19, 
175.60084, 7.314e-19, 
175.60200, 7.292e-19, 
175.60316, 7.280e-19, 
175.60432, 7.280e-19, 
175.60549, 7.292e-19, 
175.60665, 7.314e-19, 
175.60781, 7.339e-19, 
175.60898, 7.366e-19, 
175.61014, 7.391e-19, 
175.61130, 7.410e-19, 
175.61247, 7.424e-19, 
175.61363, 7.431e-19, 
175.61479, 7.430e-19, 
175.61595, 7.425e-19, 
175.61712, 7.418e-19, 
175.61828, 7.410e-19, 
175.61944, 7.403e-19, 
175.62060, 7.396e-19, 
175.62177, 7.391e-19, 
175.62293, 7.387e-19, 
175.62409, 7.385e-19, 
175.62526, 7.384e-19, 
175.62642, 7.381e-19, 
175.62758, 7.379e-19, 
175.62874, 7.378e-19, 
175.62991, 7.378e-19, 
175.63107, 7.381e-19, 
175.63223, 7.385e-19, 
175.63340, 7.391e-19, 
175.63456, 7.400e-19, 
175.63572, 7.410e-19, 
175.63688, 7.421e-19, 
175.63805, 7.430e-19, 
175.63921, 7.434e-19, 
175.64037, 7.437e-19, 
175.64154, 7.439e-19, 
175.64270, 7.436e-19, 
175.64386, 7.430e-19, 
175.64502, 7.421e-19, 
175.64619, 7.412e-19, 
175.64735, 7.404e-19, 
175.64851, 7.399e-19, 
175.64968, 7.393e-19, 
175.65084, 7.390e-19, 
175.65200, 7.394e-19, 
175.65316, 7.404e-19, 
175.65432, 7.421e-19, 
175.65549, 7.444e-19, 
175.65665, 7.474e-19, 
175.65781, 7.514e-19, 
175.65898, 7.559e-19, 
175.66014, 7.603e-19, 
175.66130, 7.646e-19, 
175.66246, 7.687e-19, 
175.66363, 7.724e-19, 
175.66479, 7.754e-19, 
175.66595, 7.775e-19, 
175.66712, 7.788e-19, 
175.66828, 7.797e-19, 
175.66944, 7.804e-19, 
175.67060, 7.809e-19, 
175.67177, 7.812e-19, 
175.67293, 7.815e-19, 
175.67409, 7.824e-19, 
175.67526, 7.837e-19, 
175.67642, 7.852e-19, 
175.67758, 7.874e-19, 
175.67875, 7.907e-19, 
175.67991, 7.948e-19, 
175.68107, 8.001e-19, 
175.68223, 8.064e-19, 
175.68340, 8.138e-19, 
175.68456, 8.224e-19, 
175.68572, 8.320e-19, 
175.68689, 8.424e-19, 
175.68805, 8.530e-19, 
175.68921, 8.641e-19, 
175.69037, 8.753e-19, 
175.69154, 8.861e-19, 
175.69270, 8.964e-19, 
175.69386, 9.061e-19, 
175.69502, 9.151e-19, 
175.69619, 9.236e-19, 
175.69735, 9.311e-19, 
175.69851, 9.382e-19, 
175.69968, 9.446e-19, 
175.70084, 9.507e-19, 
175.70200, 9.563e-19, 
175.70317, 9.616e-19, 
175.70433, 9.667e-19, 
175.70549, 9.716e-19, 
175.70665, 9.763e-19, 
175.70781, 9.812e-19, 
175.70898, 9.862e-19, 
175.71014, 9.913e-19, 
175.71130, 9.966e-19, 
175.71247, 1.002e-18, 
175.71363, 1.008e-18, 
175.71479, 1.013e-18, 
175.71596, 1.019e-18, 
175.71712, 1.025e-18, 
175.71828, 1.032e-18, 
175.71944, 1.038e-18, 
175.72061, 1.045e-18, 
175.72177, 1.051e-18, 
175.72293, 1.057e-18, 
175.72410, 1.063e-18, 
175.72526, 1.069e-18, 
175.72642, 1.074e-18, 
175.72758, 1.078e-18, 
175.72875, 1.082e-18, 
175.72991, 1.085e-18, 
175.73107, 1.088e-18, 
175.73224, 1.091e-18, 
175.73340, 1.093e-18, 
175.73456, 1.096e-18, 
175.73572, 1.098e-18, 
175.73689, 1.099e-18, 
175.73805, 1.100e-18, 
175.73921, 1.099e-18, 
175.74037, 1.098e-18, 
175.74154, 1.096e-18, 
175.74270, 1.095e-18, 
175.74386, 1.093e-18, 
175.74502, 1.093e-18, 
175.74619, 1.095e-18, 
175.74735, 1.098e-18, 
175.74852, 1.103e-18, 
175.74968, 1.109e-18, 
175.75084, 1.116e-18, 
175.75200, 1.122e-18, 
175.75316, 1.128e-18, 
175.75433, 1.131e-18, 
175.75549, 1.132e-18, 
175.75665, 1.131e-18, 
175.75782, 1.127e-18, 
175.75898, 1.122e-18, 
175.76014, 1.116e-18, 
175.76131, 1.109e-18, 
175.76247, 1.105e-18, 
175.76363, 1.101e-18, 
175.76479, 1.100e-18, 
175.76596, 1.100e-18, 
175.76712, 1.101e-18, 
175.76828, 1.104e-18, 
175.76944, 1.106e-18, 
175.77061, 1.107e-18, 
175.77177, 1.108e-18, 
175.77293, 1.106e-18, 
175.77410, 1.103e-18, 
175.77526, 1.098e-18, 
175.77642, 1.092e-18, 
175.77759, 1.085e-18, 
175.77875, 1.078e-18, 
175.77991, 1.071e-18, 
175.78107, 1.066e-18, 
175.78224, 1.062e-18, 
175.78340, 1.059e-18, 
175.78456, 1.058e-18, 
175.78572, 1.059e-18, 
175.78689, 1.060e-18, 
175.78805, 1.063e-18, 
175.78921, 1.066e-18, 
175.79037, 1.068e-18, 
175.79154, 1.070e-18, 
175.79270, 1.070e-18, 
175.79386, 1.069e-18, 
175.79503, 1.066e-18, 
175.79619, 1.061e-18, 
175.79735, 1.056e-18, 
175.79851, 1.049e-18, 
175.79968, 1.042e-18, 
175.80084, 1.035e-18, 
175.80200, 1.028e-18, 
175.80317, 1.021e-18, 
175.80433, 1.016e-18, 
175.80549, 1.011e-18, 
175.80666, 1.007e-18, 
175.80782, 1.004e-18, 
175.80898, 1.001e-18, 
175.81014, 9.997e-19, 
175.81131, 9.987e-19, 
175.81247, 9.979e-19, 
175.81363, 9.975e-19, 
175.81479, 9.969e-19, 
175.81596, 9.961e-19, 
175.81712, 9.953e-19, 
175.81828, 9.942e-19, 
175.81945, 9.930e-19, 
175.82061, 9.916e-19, 
175.82177, 9.899e-19, 
175.82293, 9.879e-19, 
175.82410, 9.856e-19, 
175.82526, 9.831e-19, 
175.82642, 9.801e-19, 
175.82759, 9.769e-19, 
175.82875, 9.730e-19, 
175.82991, 9.692e-19, 
175.83107, 9.653e-19, 
175.83224, 9.613e-19, 
175.83340, 9.575e-19, 
175.83456, 9.536e-19, 
175.83573, 9.501e-19, 
175.83689, 9.470e-19, 
175.83805, 9.440e-19, 
175.83921, 9.415e-19, 
175.84038, 9.394e-19, 
175.84154, 9.378e-19, 
175.84270, 9.364e-19, 
175.84386, 9.353e-19, 
175.84503, 9.339e-19, 
175.84619, 9.321e-19, 
175.84735, 9.299e-19, 
175.84851, 9.271e-19, 
175.84968, 9.240e-19, 
175.85084, 9.206e-19, 
175.85201, 9.173e-19, 
175.85317, 9.147e-19, 
175.85433, 9.130e-19, 
175.85549, 9.126e-19, 
175.85666, 9.130e-19, 
175.85782, 9.147e-19, 
175.85898, 9.173e-19, 
175.86015, 9.204e-19, 
175.86131, 9.239e-19, 
175.86247, 9.271e-19, 
175.86363, 9.298e-19, 
175.86480, 9.319e-19, 
175.86596, 9.329e-19, 
175.86712, 9.326e-19, 
175.86828, 9.308e-19, 
175.86945, 9.273e-19, 
175.87061, 9.224e-19, 
175.87177, 9.160e-19, 
175.87293, 9.087e-19, 
175.87410, 9.010e-19, 
175.87526, 8.933e-19, 
175.87642, 8.864e-19, 
175.87759, 8.806e-19, 
175.87875, 8.763e-19, 
175.87991, 8.738e-19, 
175.88108, 8.729e-19, 
175.88224, 8.733e-19, 
175.88340, 8.748e-19, 
175.88456, 8.770e-19, 
175.88573, 8.793e-19, 
175.88689, 8.813e-19, 
175.88805, 8.830e-19, 
175.88922, 8.844e-19, 
175.89038, 8.856e-19, 
175.89154, 8.870e-19, 
175.89270, 8.883e-19, 
175.89387, 8.901e-19, 
175.89503, 8.926e-19, 
175.89619, 8.959e-19, 
175.89736, 8.997e-19, 
175.89852, 9.044e-19, 
175.89968, 9.095e-19, 
175.90084, 9.150e-19, 
175.90201, 9.206e-19, 
175.90317, 9.261e-19, 
175.90433, 9.311e-19, 
175.90549, 9.354e-19, 
175.90666, 9.388e-19, 
175.90782, 9.409e-19, 
175.90898, 9.416e-19, 
175.91015, 9.412e-19, 
175.91131, 9.394e-19, 
175.91247, 9.370e-19, 
175.91363, 9.345e-19, 
175.91480, 9.323e-19, 
175.91596, 9.310e-19, 
175.91712, 9.310e-19, 
175.91829, 9.326e-19, 
175.91945, 9.354e-19, 
175.92061, 9.393e-19, 
175.92177, 9.440e-19, 
175.92294, 9.489e-19, 
175.92410, 9.535e-19, 
175.92526, 9.570e-19, 
175.92643, 9.596e-19, 
175.92759, 9.612e-19, 
175.92875, 9.618e-19, 
175.92991, 9.613e-19, 
175.93108, 9.603e-19, 
175.93224, 9.588e-19, 
175.93340, 9.570e-19, 
175.93457, 9.554e-19, 
175.93573, 9.536e-19, 
175.93689, 9.521e-19, 
175.93805, 9.510e-19, 
175.93921, 9.501e-19, 
175.94038, 9.496e-19, 
175.94154, 9.496e-19, 
175.94270, 9.499e-19, 
175.94387, 9.504e-19, 
175.94503, 9.510e-19, 
175.94619, 9.510e-19, 
175.94736, 9.507e-19, 
175.94852, 9.501e-19, 
175.94968, 9.490e-19, 
175.95084, 9.476e-19, 
175.95201, 9.461e-19, 
175.95317, 9.449e-19, 
175.95433, 9.444e-19, 
175.95550, 9.446e-19, 
175.95666, 9.453e-19, 
175.95782, 9.468e-19, 
175.95898, 9.486e-19, 
175.96015, 9.507e-19, 
175.96131, 9.526e-19, 
175.96247, 9.539e-19, 
175.96363, 9.547e-19, 
175.96480, 9.548e-19, 
175.96596, 9.541e-19, 
175.96712, 9.527e-19, 
175.96829, 9.508e-19, 
175.96945, 9.484e-19, 
175.97061, 9.459e-19, 
175.97178, 9.439e-19, 
175.97294, 9.421e-19, 
175.97410, 9.407e-19, 
175.97526, 9.399e-19, 
175.97643, 9.397e-19, 
175.97759, 9.400e-19, 
175.97875, 9.406e-19, 
175.97991, 9.410e-19, 
175.98108, 9.415e-19, 
175.98224, 9.416e-19, 
175.98340, 9.415e-19, 
175.98457, 9.409e-19, 
175.98573, 9.400e-19, 
175.98689, 9.387e-19, 
175.98805, 9.372e-19, 
175.98922, 9.354e-19, 
175.99038, 9.333e-19, 
175.99154, 9.310e-19, 
175.99270, 9.281e-19, 
175.99387, 9.253e-19, 
175.99503, 9.225e-19, 
175.99619, 9.197e-19, 
175.99736, 9.173e-19, 
175.99852, 9.153e-19, 
175.99968, 9.139e-19, 
176.00085, 9.132e-19, 
176.00201, 9.130e-19, 
176.00317, 9.133e-19, 
176.00433, 9.138e-19, 
176.00550, 9.139e-19, 
176.00666, 9.141e-19, 
176.00782, 9.139e-19, 
176.00899, 9.133e-19, 
176.01015, 9.123e-19, 
176.01131, 9.111e-19, 
176.01247, 9.102e-19, 
176.01364, 9.098e-19, 
176.01480, 9.101e-19, 
176.01596, 9.113e-19, 
176.01712, 9.132e-19, 
176.01829, 9.161e-19, 
176.01945, 9.200e-19, 
176.02061, 9.240e-19, 
176.02178, 9.281e-19, 
176.02294, 9.320e-19, 
176.02410, 9.354e-19, 
176.02526, 9.379e-19, 
176.02643, 9.394e-19, 
176.02759, 9.397e-19, 
176.02875, 9.390e-19, 
176.02991, 9.372e-19, 
176.03108, 9.347e-19, 
176.03224, 9.314e-19, 
176.03340, 9.279e-19, 
176.03457, 9.241e-19, 
176.03573, 9.207e-19, 
176.03689, 9.178e-19, 
176.03806, 9.156e-19, 
176.03922, 9.141e-19, 
176.04038, 9.138e-19, 
176.04154, 9.144e-19, 
176.04271, 9.160e-19, 
176.04387, 9.184e-19, 
176.04503, 9.218e-19, 
176.04619, 9.258e-19, 
176.04736, 9.304e-19, 
176.04852, 9.351e-19, 
176.04968, 9.400e-19, 
176.05085, 9.450e-19, 
176.05201, 9.502e-19, 
176.05317, 9.551e-19, 
176.05434, 9.599e-19, 
176.05550, 9.646e-19, 
176.05666, 9.693e-19, 
176.05782, 9.739e-19, 
176.05899, 9.784e-19, 
176.06015, 9.825e-19, 
176.06131, 9.867e-19, 
176.06248, 9.907e-19, 
176.06364, 9.945e-19, 
176.06480, 9.985e-19, 
176.06596, 1.003e-18, 
176.06713, 1.007e-18, 
176.06829, 1.013e-18, 
176.06945, 1.020e-18, 
176.07062, 1.028e-18, 
176.07178, 1.037e-18, 
176.07294, 1.048e-18, 
176.07410, 1.060e-18, 
176.07527, 1.073e-18, 
176.07643, 1.086e-18, 
176.07759, 1.099e-18, 
176.07875, 1.111e-18, 
176.07992, 1.123e-18, 
176.08108, 1.133e-18, 
176.08224, 1.144e-18, 
176.08340, 1.154e-18, 
176.08457, 1.166e-18, 
176.08573, 1.178e-18, 
176.08689, 1.192e-18, 
176.08806, 1.208e-18, 
176.08922, 1.227e-18, 
176.09038, 1.247e-18, 
176.09154, 1.269e-18, 
176.09271, 1.292e-18, 
176.09387, 1.317e-18, 
176.09503, 1.342e-18, 
176.09620, 1.368e-18, 
176.09736, 1.394e-18, 
176.09852, 1.420e-18, 
176.09968, 1.447e-18, 
176.10085, 1.474e-18, 
176.10201, 1.501e-18, 
176.10317, 1.527e-18, 
176.10434, 1.554e-18, 
176.10550, 1.581e-18, 
176.10666, 1.606e-18, 
176.10782, 1.631e-18, 
176.10899, 1.653e-18, 
176.11015, 1.676e-18, 
176.11131, 1.696e-18, 
176.11248, 1.717e-18, 
176.11364, 1.735e-18, 
176.11480, 1.751e-18, 
176.11596, 1.766e-18, 
176.11713, 1.779e-18, 
176.11829, 1.790e-18, 
176.11945, 1.800e-18, 
176.12062, 1.806e-18, 
176.12178, 1.812e-18, 
176.12294, 1.816e-18, 
176.12410, 1.821e-18, 
176.12527, 1.824e-18, 
176.12643, 1.828e-18, 
176.12759, 1.836e-18, 
176.12876, 1.843e-18, 
176.12992, 1.855e-18, 
176.13108, 1.868e-18, 
176.13224, 1.884e-18, 
176.13341, 1.902e-18, 
176.13457, 1.921e-18, 
176.13573, 1.941e-18, 
176.13690, 1.960e-18, 
176.13806, 1.978e-18, 
176.13922, 1.993e-18, 
176.14038, 2.007e-18, 
176.14155, 2.019e-18, 
176.14271, 2.028e-18, 
176.14387, 2.037e-18, 
176.14503, 2.043e-18, 
176.14620, 2.050e-18, 
176.14736, 2.056e-18, 
176.14852, 2.061e-18, 
176.14968, 2.067e-18, 
176.15085, 2.071e-18, 
176.15201, 2.074e-18, 
176.15318, 2.076e-18, 
176.15434, 2.076e-18, 
176.15550, 2.074e-18, 
176.15666, 2.073e-18, 
176.15782, 2.068e-18, 
176.15899, 2.067e-18, 
176.16015, 2.065e-18, 
176.16132, 2.068e-18, 
176.16248, 2.074e-18, 
176.16364, 2.084e-18, 
176.16480, 2.099e-18, 
176.16596, 2.116e-18, 
176.16713, 2.133e-18, 
176.16829, 2.150e-18, 
176.16945, 2.164e-18, 
176.17062, 2.173e-18, 
176.17178, 2.176e-18, 
176.17294, 2.175e-18, 
176.17410, 2.169e-18, 
176.17527, 2.159e-18, 
176.17643, 2.145e-18, 
176.17759, 2.132e-18, 
176.17876, 2.120e-18, 
176.17992, 2.111e-18, 
176.18108, 2.102e-18, 
176.18225, 2.096e-18, 
176.18341, 2.092e-18, 
176.18457, 2.087e-18, 
176.18573, 2.081e-18, 
176.18690, 2.076e-18, 
176.18806, 2.068e-18, 
176.18922, 2.061e-18, 
176.19039, 2.055e-18, 
176.19155, 2.049e-18, 
176.19271, 2.044e-18, 
176.19387, 2.044e-18, 
176.19504, 2.046e-18, 
176.19620, 2.052e-18, 
176.19736, 2.059e-18, 
176.19853, 2.070e-18, 
176.19969, 2.080e-18, 
176.20085, 2.090e-18, 
176.20201, 2.099e-18, 
176.20318, 2.104e-18, 
176.20434, 2.107e-18, 
176.20550, 2.105e-18, 
176.20666, 2.099e-18, 
176.20783, 2.089e-18, 
176.20899, 2.077e-18, 
176.21015, 2.064e-18, 
176.21131, 2.049e-18, 
176.21248, 2.033e-18, 
176.21364, 2.018e-18, 
176.21480, 2.006e-18, 
176.21597, 1.994e-18, 
176.21713, 1.985e-18, 
176.21829, 1.978e-18, 
176.21946, 1.970e-18, 
176.22062, 1.964e-18, 
176.22178, 1.957e-18, 
176.22294, 1.950e-18, 
176.22411, 1.941e-18, 
176.22527, 1.930e-18, 
176.22643, 1.920e-18, 
176.22760, 1.910e-18, 
176.22876, 1.899e-18, 
176.22992, 1.890e-18, 
176.23108, 1.883e-18, 
176.23224, 1.877e-18, 
176.23341, 1.874e-18, 
176.23457, 1.874e-18, 
176.23574, 1.874e-18, 
176.23690, 1.877e-18, 
176.23806, 1.879e-18, 
176.23922, 1.880e-18, 
176.24039, 1.880e-18, 
176.24155, 1.879e-18, 
176.24271, 1.874e-18, 
176.24387, 1.870e-18, 
176.24504, 1.862e-18, 
176.24620, 1.855e-18, 
176.24736, 1.844e-18, 
176.24853, 1.836e-18, 
176.24969, 1.825e-18, 
176.25085, 1.813e-18, 
176.25202, 1.803e-18, 
176.25318, 1.793e-18, 
176.25434, 1.782e-18, 
176.25550, 1.772e-18, 
176.25667, 1.761e-18, 
176.25783, 1.751e-18, 
176.25899, 1.741e-18, 
176.26015, 1.729e-18, 
176.26132, 1.719e-18, 
176.26248, 1.710e-18, 
176.26364, 1.701e-18, 
176.26481, 1.693e-18, 
176.26597, 1.687e-18, 
176.26713, 1.683e-18, 
176.26829, 1.681e-18, 
176.26946, 1.680e-18, 
176.27062, 1.681e-18, 
176.27178, 1.681e-18, 
176.27295, 1.681e-18, 
176.27411, 1.679e-18, 
176.27527, 1.676e-18, 
176.27643, 1.670e-18, 
176.27759, 1.664e-18, 
176.27876, 1.655e-18, 
176.27992, 1.646e-18, 
176.28108, 1.637e-18, 
176.28225, 1.628e-18, 
176.28341, 1.619e-18, 
176.28457, 1.613e-18, 
176.28574, 1.607e-18, 
176.28690, 1.601e-18, 
176.28806, 1.596e-18, 
176.28922, 1.590e-18, 
176.29039, 1.582e-18, 
176.29155, 1.575e-18, 
176.29271, 1.567e-18, 
176.29388, 1.559e-18, 
176.29504, 1.550e-18, 
176.29620, 1.541e-18, 
176.29736, 1.532e-18, 
176.29853, 1.524e-18, 
176.29969, 1.517e-18, 
176.30085, 1.511e-18, 
176.30202, 1.504e-18, 
176.30318, 1.498e-18, 
176.30434, 1.490e-18, 
176.30550, 1.481e-18, 
176.30667, 1.473e-18, 
176.30783, 1.465e-18, 
176.30899, 1.456e-18, 
176.31015, 1.447e-18, 
176.31132, 1.439e-18, 
176.31248, 1.433e-18, 
176.31364, 1.428e-18, 
176.31481, 1.426e-18, 
176.31597, 1.425e-18, 
176.31713, 1.425e-18, 
176.31829, 1.427e-18, 
176.31946, 1.428e-18, 
176.32062, 1.430e-18, 
176.32178, 1.430e-18, 
176.32295, 1.429e-18, 
176.32411, 1.427e-18, 
176.32527, 1.423e-18, 
176.32643, 1.417e-18, 
176.32760, 1.411e-18, 
176.32876, 1.404e-18, 
176.32992, 1.397e-18, 
176.33109, 1.390e-18, 
176.33225, 1.385e-18, 
176.33341, 1.380e-18, 
176.33457, 1.377e-18, 
176.33574, 1.375e-18, 
176.33690, 1.373e-18, 
176.33806, 1.370e-18, 
176.33923, 1.367e-18, 
176.34039, 1.363e-18, 
176.34155, 1.358e-18, 
176.34271, 1.351e-18, 
176.34387, 1.343e-18, 
176.34504, 1.335e-18, 
176.34620, 1.326e-18, 
176.34736, 1.317e-18, 
176.34853, 1.309e-18, 
176.34969, 1.301e-18, 
176.35085, 1.294e-18, 
176.35202, 1.288e-18, 
176.35318, 1.282e-18, 
176.35434, 1.277e-18, 
176.35551, 1.272e-18, 
176.35667, 1.267e-18, 
176.35783, 1.262e-18, 
176.35899, 1.258e-18, 
176.36016, 1.253e-18, 
176.36132, 1.249e-18, 
176.36248, 1.245e-18, 
176.36365, 1.240e-18, 
176.36481, 1.236e-18, 
176.36597, 1.232e-18, 
176.36713, 1.228e-18, 
176.36830, 1.225e-18, 
176.36946, 1.222e-18, 
176.37062, 1.220e-18, 
176.37178, 1.218e-18, 
176.37295, 1.217e-18, 
176.37411, 1.216e-18, 
176.37527, 1.215e-18, 
176.37644, 1.213e-18, 
176.37760, 1.210e-18, 
176.37876, 1.206e-18, 
176.37992, 1.201e-18, 
176.38109, 1.196e-18, 
176.38225, 1.189e-18, 
176.38341, 1.183e-18, 
176.38457, 1.178e-18, 
176.38574, 1.173e-18, 
176.38690, 1.170e-18, 
176.38806, 1.168e-18, 
176.38923, 1.167e-18, 
176.39039, 1.168e-18, 
176.39155, 1.168e-18, 
176.39271, 1.168e-18, 
176.39388, 1.168e-18, 
176.39504, 1.166e-18, 
176.39620, 1.163e-18, 
176.39737, 1.159e-18, 
176.39853, 1.155e-18, 
176.39969, 1.149e-18, 
176.40085, 1.144e-18, 
176.40202, 1.138e-18, 
176.40318, 1.133e-18, 
176.40434, 1.129e-18, 
176.40551, 1.126e-18, 
176.40668, 1.123e-18, 
176.40784, 1.120e-18, 
176.40901, 1.117e-18, 
176.41017, 1.115e-18, 
176.41133, 1.111e-18, 
176.41250, 1.107e-18, 
176.41366, 1.103e-18, 
176.41483, 1.098e-18, 
176.41597, 1.093e-18, 
176.41711, 1.088e-18, 
176.41827, 1.084e-18, 
176.41943, 1.081e-18, 
176.42059, 1.078e-18, 
176.42175, 1.076e-18, 
176.42291, 1.074e-18, 
176.42407, 1.072e-18, 
176.42523, 1.071e-18, 
176.42640, 1.070e-18, 
176.42756, 1.069e-18, 
176.42872, 1.069e-18, 
176.42988, 1.069e-18, 
176.43104, 1.069e-18, 
176.43220, 1.071e-18, 
176.43336, 1.073e-18, 
176.43452, 1.076e-18, 
176.43568, 1.079e-18, 
176.43684, 1.082e-18, 
176.43801, 1.085e-18, 
176.43916, 1.089e-18, 
176.44033, 1.092e-18, 
176.44149, 1.095e-18, 
176.44265, 1.098e-18, 
176.44381, 1.100e-18, 
176.44497, 1.101e-18, 
176.44613, 1.102e-18, 
176.44729, 1.102e-18, 
176.44845, 1.100e-18, 
176.44962, 1.099e-18, 
176.45078, 1.096e-18, 
176.45194, 1.094e-18, 
176.45310, 1.092e-18, 
176.45426, 1.090e-18, 
176.45542, 1.090e-18, 
176.45658, 1.090e-18, 
176.45775, 1.090e-18, 
176.45891, 1.092e-18, 
176.46007, 1.093e-18, 
176.46123, 1.095e-18, 
176.46239, 1.095e-18, 
176.46355, 1.095e-18, 
176.46471, 1.094e-18, 
176.46588, 1.092e-18, 
176.46704, 1.090e-18, 
176.46820, 1.087e-18, 
176.46936, 1.085e-18, 
176.47052, 1.083e-18, 
176.47168, 1.082e-18, 
176.47285, 1.083e-18, 
176.47401, 1.084e-18, 
176.47517, 1.086e-18, 
176.47633, 1.089e-18, 
176.47749, 1.092e-18, 
176.47865, 1.095e-18, 
176.47982, 1.097e-18, 
176.48098, 1.099e-18, 
176.48214, 1.101e-18, 
176.48330, 1.102e-18, 
176.48446, 1.104e-18, 
176.48562, 1.105e-18, 
176.48679, 1.107e-18, 
176.48795, 1.108e-18, 
176.48911, 1.110e-18, 
176.49027, 1.112e-18, 
176.49143, 1.114e-18, 
176.49259, 1.116e-18, 
176.49375, 1.117e-18, 
176.49492, 1.119e-18, 
176.49608, 1.120e-18, 
176.49724, 1.121e-18, 
176.49840, 1.123e-18, 
176.49957, 1.125e-18, 
176.50073, 1.127e-18, 
176.50189, 1.130e-18, 
176.50305, 1.134e-18, 
176.50421, 1.137e-18, 
176.50538, 1.141e-18, 
176.50654, 1.145e-18, 
176.50770, 1.150e-18, 
176.50886, 1.156e-18, 
176.51002, 1.161e-18, 
176.51119, 1.167e-18, 
176.51235, 1.174e-18, 
176.51351, 1.181e-18, 
176.51467, 1.188e-18, 
176.51584, 1.195e-18, 
176.51700, 1.201e-18, 
176.51816, 1.206e-18, 
176.51933, 1.211e-18, 
176.52049, 1.216e-18, 
176.52165, 1.221e-18, 
176.52281, 1.226e-18, 
176.52397, 1.231e-18, 
176.52514, 1.236e-18, 
176.52630, 1.243e-18, 
176.52746, 1.249e-18, 
176.52862, 1.257e-18, 
176.52979, 1.264e-18, 
176.53095, 1.272e-18, 
176.53211, 1.279e-18, 
176.53327, 1.285e-18, 
176.53444, 1.291e-18, 
176.53560, 1.295e-18, 
176.53676, 1.298e-18, 
176.53792, 1.301e-18, 
176.53909, 1.303e-18, 
176.54025, 1.304e-18, 
176.54141, 1.306e-18, 
176.54258, 1.307e-18, 
176.54374, 1.309e-18, 
176.54490, 1.311e-18, 
176.54606, 1.313e-18, 
176.54723, 1.316e-18, 
176.54839, 1.319e-18, 
176.54955, 1.323e-18, 
176.55071, 1.327e-18, 
176.55188, 1.332e-18, 
176.55304, 1.337e-18, 
176.55420, 1.343e-18, 
176.55536, 1.349e-18, 
176.55653, 1.354e-18, 
176.55769, 1.360e-18, 
176.55885, 1.364e-18, 
176.56002, 1.369e-18, 
176.56118, 1.373e-18, 
176.56234, 1.375e-18, 
176.56351, 1.377e-18, 
176.56467, 1.379e-18, 
176.56583, 1.379e-18, 
176.56700, 1.379e-18, 
176.56816, 1.378e-18, 
176.56932, 1.376e-18, 
176.57048, 1.374e-18, 
176.57165, 1.372e-18, 
176.57281, 1.371e-18, 
176.57397, 1.370e-18, 
176.57514, 1.370e-18, 
176.57630, 1.373e-18, 
176.57747, 1.377e-18, 
176.57863, 1.382e-18, 
176.57979, 1.389e-18, 
176.58095, 1.398e-18, 
176.58212, 1.407e-18, 
176.58328, 1.416e-18, 
176.58444, 1.425e-18, 
176.58561, 1.433e-18, 
176.58677, 1.440e-18, 
176.58794, 1.446e-18, 
176.58910, 1.451e-18, 
176.59026, 1.455e-18, 
176.59143, 1.457e-18, 
176.59259, 1.457e-18, 
176.59375, 1.456e-18, 
176.59492, 1.453e-18, 
176.59608, 1.449e-18, 
176.59724, 1.445e-18, 
176.59840, 1.439e-18, 
176.59957, 1.433e-18, 
176.60073, 1.427e-18, 
176.60190, 1.421e-18, 
176.60306, 1.415e-18, 
176.60422, 1.408e-18, 
176.60539, 1.401e-18, 
176.60655, 1.393e-18, 
176.60771, 1.385e-18, 
176.60888, 1.376e-18, 
176.61004, 1.367e-18, 
176.61121, 1.358e-18, 
176.61237, 1.350e-18, 
176.61354, 1.344e-18, 
176.61470, 1.339e-18, 
176.61586, 1.335e-18, 
176.61703, 1.332e-18, 
176.61819, 1.331e-18, 
176.61936, 1.331e-18, 
176.62052, 1.331e-18, 
176.62168, 1.332e-18, 
176.62285, 1.333e-18, 
176.62401, 1.335e-18, 
176.62518, 1.338e-18, 
176.62634, 1.341e-18, 
176.62750, 1.344e-18, 
176.62867, 1.347e-18, 
176.62983, 1.349e-18, 
176.63100, 1.349e-18, 
176.63216, 1.349e-18, 
176.63332, 1.347e-18, 
176.63449, 1.344e-18, 
176.63565, 1.340e-18, 
176.63682, 1.336e-18, 
176.63798, 1.331e-18, 
176.63915, 1.326e-18, 
176.64031, 1.321e-18, 
176.64148, 1.316e-18, 
176.64264, 1.311e-18, 
176.64381, 1.306e-18, 
176.64497, 1.301e-18, 
176.64613, 1.296e-18, 
176.64730, 1.291e-18, 
176.64846, 1.286e-18, 
176.64963, 1.281e-18, 
176.65079, 1.277e-18, 
176.65196, 1.275e-18, 
176.65312, 1.274e-18, 
176.65428, 1.275e-18, 
176.65545, 1.276e-18, 
176.65661, 1.278e-18, 
176.65778, 1.279e-18, 
176.65894, 1.280e-18, 
176.66011, 1.278e-18, 
176.66127, 1.275e-18, 
176.66244, 1.268e-18, 
176.66360, 1.260e-18, 
176.66476, 1.249e-18, 
176.66593, 1.238e-18, 
176.66710, 1.226e-18, 
176.66826, 1.214e-18, 
176.66942, 1.204e-18, 
176.67059, 1.195e-18, 
176.67175, 1.188e-18, 
176.67292, 1.183e-18, 
176.67408, 1.180e-18, 
176.67525, 1.178e-18, 
176.67641, 1.176e-18, 
176.67758, 1.175e-18, 
176.67874, 1.173e-18, 
176.67991, 1.171e-18, 
176.68107, 1.168e-18, 
176.68224, 1.164e-18, 
176.68340, 1.159e-18, 
176.68457, 1.153e-18, 
176.68573, 1.147e-18, 
176.68690, 1.141e-18, 
176.68806, 1.136e-18, 
176.68923, 1.131e-18, 
176.69039, 1.126e-18, 
176.69156, 1.122e-18, 
176.69272, 1.119e-18, 
176.69389, 1.116e-18, 
176.69505, 1.113e-18, 
176.69622, 1.110e-18, 
176.69739, 1.107e-18, 
176.69855, 1.104e-18, 
176.69971, 1.101e-18, 
176.70088, 1.099e-18, 
176.70205, 1.097e-18, 
176.70321, 1.097e-18, 
176.70438, 1.097e-18, 
176.70554, 1.098e-18, 
176.70671, 1.100e-18, 
176.70787, 1.102e-18, 
176.70904, 1.104e-18, 
176.71020, 1.105e-18, 
176.71137, 1.104e-18, 
176.71253, 1.102e-18, 
176.71370, 1.098e-18, 
176.71487, 1.093e-18, 
176.71603, 1.088e-18, 
176.71720, 1.082e-18, 
176.71836, 1.077e-18, 
176.71952, 1.074e-18, 
176.72069, 1.072e-18, 
176.72185, 1.071e-18, 
176.72302, 1.071e-18, 
176.72419, 1.071e-18, 
176.72535, 1.070e-18, 
176.72652, 1.069e-18, 
176.72768, 1.065e-18, 
176.72885, 1.061e-18, 
176.73001, 1.055e-18, 
176.73118, 1.049e-18, 
176.73234, 1.042e-18, 
176.73351, 1.036e-18, 
176.73467, 1.031e-18, 
176.73584, 1.028e-18, 
176.73701, 1.025e-18, 
176.73817, 1.023e-18, 
176.73934, 1.022e-18, 
176.74050, 1.021e-18, 
176.74167, 1.019e-18, 
176.74283, 1.016e-18, 
176.74400, 1.012e-18, 
176.74516, 1.007e-18, 
176.74633, 1.001e-18, 
176.74749, 9.951e-19, 
176.74866, 9.884e-19, 
176.74982, 9.819e-19, 
176.75099, 9.759e-19, 
176.75215, 9.702e-19, 
176.75332, 9.650e-19, 
176.75448, 9.604e-19, 
176.75565, 9.560e-19, 
176.75681, 9.521e-19, 
176.75798, 9.484e-19, 
176.75915, 9.444e-19, 
176.76031, 9.404e-19, 
176.76148, 9.364e-19, 
176.76264, 9.326e-19, 
176.76380, 9.292e-19, 
176.76497, 9.264e-19, 
176.76613, 9.244e-19, 
176.76730, 9.239e-19, 
176.76847, 9.244e-19, 
176.76963, 9.261e-19, 
176.77080, 9.287e-19, 
176.77196, 9.317e-19, 
176.77313, 9.342e-19, 
176.77429, 9.361e-19, 
176.77546, 9.367e-19, 
176.77662, 9.359e-19, 
176.77779, 9.332e-19, 
176.77895, 9.290e-19, 
176.78012, 9.239e-19, 
176.78128, 9.187e-19, 
176.78245, 9.136e-19, 
176.78362, 9.099e-19, 
176.78478, 9.079e-19, 
176.78594, 9.080e-19, 
176.78711, 9.105e-19, 
176.78828, 9.150e-19, 
176.78944, 9.207e-19, 
176.79061, 9.271e-19, 
176.79177, 9.332e-19, 
176.79294, 9.382e-19, 
176.79410, 9.415e-19, 
176.79527, 9.428e-19, 
176.79643, 9.421e-19, 
176.79760, 9.399e-19, 
176.79876, 9.370e-19, 
176.79993, 9.339e-19, 
176.80109, 9.314e-19, 
176.80226, 9.301e-19, 
176.80342, 9.304e-19, 
176.80459, 9.323e-19, 
176.80575, 9.359e-19, 
176.80692, 9.403e-19, 
176.80809, 9.455e-19, 
176.80925, 9.507e-19, 
176.81042, 9.551e-19, 
176.81158, 9.582e-19, 
176.81274, 9.596e-19, 
176.81391, 9.591e-19, 
176.81508, 9.570e-19, 
176.81624, 9.535e-19, 
176.81741, 9.489e-19, 
176.81857, 9.440e-19, 
176.81974, 9.396e-19, 
176.82090, 9.360e-19, 
176.82207, 9.338e-19, 
176.82323, 9.326e-19, 
176.82440, 9.327e-19, 
176.82556, 9.336e-19, 
176.82673, 9.347e-19, 
176.82790, 9.356e-19, 
176.82906, 9.357e-19, 
176.83023, 9.350e-19, 
176.83139, 9.332e-19, 
176.83256, 9.305e-19, 
176.83372, 9.271e-19, 
176.83489, 9.237e-19, 
176.83605, 9.201e-19, 
176.83722, 9.172e-19, 
176.83838, 9.148e-19, 
176.83955, 9.135e-19, 
176.84071, 9.132e-19, 
176.84188, 9.138e-19, 
176.84304, 9.148e-19, 
176.84421, 9.163e-19, 
176.84537, 9.175e-19, 
176.84654, 9.184e-19, 
176.84770, 9.187e-19, 
176.84887, 9.182e-19, 
176.85003, 9.173e-19, 
176.85120, 9.163e-19, 
176.85237, 9.154e-19, 
176.85353, 9.151e-19, 
176.85470, 9.154e-19, 
176.85586, 9.163e-19, 
176.85703, 9.179e-19, 
176.85819, 9.196e-19, 
176.85936, 9.212e-19, 
176.86052, 9.224e-19, 
176.86169, 9.222e-19, 
176.86285, 9.213e-19, 
176.86402, 9.194e-19, 
176.86518, 9.167e-19, 
176.86635, 9.133e-19, 
176.86751, 9.095e-19, 
176.86868, 9.056e-19, 
176.86984, 9.022e-19, 
176.87101, 8.990e-19, 
176.87217, 8.960e-19, 
176.87334, 8.932e-19, 
176.87450, 8.905e-19, 
176.87567, 8.877e-19, 
176.87683, 8.849e-19, 
176.87800, 8.816e-19, 
176.87917, 8.779e-19, 
176.88033, 8.738e-19, 
176.88150, 8.693e-19, 
176.88266, 8.649e-19, 
176.88383, 8.603e-19, 
176.88499, 8.560e-19, 
176.88616, 8.523e-19, 
176.88732, 8.493e-19, 
176.88849, 8.474e-19, 
176.88965, 8.464e-19, 
176.89082, 8.462e-19, 
176.89198, 8.470e-19, 
176.89315, 8.481e-19, 
176.89432, 8.496e-19, 
176.89548, 8.508e-19, 
176.89664, 8.517e-19, 
176.89781, 8.521e-19, 
176.89898, 8.521e-19, 
176.90014, 8.517e-19, 
176.90131, 8.510e-19, 
176.90247, 8.502e-19, 
176.90364, 8.496e-19, 
176.90480, 8.492e-19, 
176.90597, 8.489e-19, 
176.90713, 8.487e-19, 
176.90830, 8.487e-19, 
176.90946, 8.486e-19, 
176.91063, 8.481e-19, 
176.91179, 8.474e-19, 
176.91296, 8.464e-19, 
176.91413, 8.450e-19, 
176.91529, 8.436e-19, 
176.91645, 8.422e-19, 
176.91762, 8.410e-19, 
176.91879, 8.401e-19, 
176.91995, 8.394e-19, 
176.92111, 8.388e-19, 
176.92228, 8.381e-19, 
176.92345, 8.370e-19, 
176.92461, 8.356e-19, 
176.92578, 8.330e-19, 
176.92694, 8.298e-19, 
176.92811, 8.258e-19, 
176.92927, 8.215e-19, 
176.93044, 8.170e-19, 
176.93160, 8.124e-19, 
176.93277, 8.081e-19, 
176.93393, 8.041e-19, 
176.93510, 8.006e-19, 
176.93627, 7.972e-19, 
176.93743, 7.935e-19, 
176.93859, 7.898e-19, 
176.93976, 7.858e-19, 
176.94092, 7.816e-19, 
176.94209, 7.773e-19, 
176.94326, 7.732e-19, 
176.94442, 7.693e-19, 
176.94559, 7.659e-19, 
176.94675, 7.630e-19, 
176.94792, 7.604e-19, 
176.94908, 7.582e-19, 
176.95025, 7.561e-19, 
176.95141, 7.536e-19, 
176.95258, 7.510e-19, 
176.95374, 7.481e-19, 
176.95491, 7.453e-19, 
176.95607, 7.425e-19, 
176.95724, 7.403e-19, 
176.95841, 7.390e-19, 
176.95957, 7.390e-19, 
176.96074, 7.403e-19, 
176.96190, 7.430e-19, 
176.96306, 7.470e-19, 
176.96423, 7.519e-19, 
176.96539, 7.569e-19, 
176.96656, 7.619e-19, 
176.96772, 7.665e-19, 
176.96889, 7.702e-19, 
176.97006, 7.732e-19, 
176.97122, 7.754e-19, 
176.97239, 7.772e-19, 
176.97355, 7.791e-19, 
176.97472, 7.816e-19, 
176.97588, 7.847e-19, 
176.97705, 7.889e-19, 
176.97821, 7.938e-19, 
176.97938, 7.994e-19, 
176.98054, 8.056e-19, 
176.98171, 8.116e-19, 
176.98287, 8.170e-19, 
176.98404, 8.219e-19, 
176.98520, 8.261e-19, 
176.98637, 8.296e-19, 
176.98754, 8.327e-19, 
176.98870, 8.354e-19, 
176.98987, 8.382e-19, 
176.99103, 8.416e-19, 
176.99220, 8.461e-19, 
176.99336, 8.514e-19, 
176.99453, 8.582e-19, 
176.99569, 8.665e-19, 
176.99686, 8.764e-19, 
176.99802, 8.880e-19, 
176.99919, 9.010e-19, 
177.00035, 9.154e-19, 
177.00152, 9.313e-19, 
177.00269, 9.484e-19, 
177.00385, 9.670e-19, 
177.00502, 9.868e-19, 
177.00618, 1.008e-18, 
177.00734, 1.030e-18, 
177.00851, 1.053e-18, 
177.00968, 1.076e-18, 
177.01084, 1.101e-18, 
177.01201, 1.125e-18, 
177.01317, 1.149e-18, 
177.01434, 1.173e-18, 
177.01550, 1.196e-18, 
177.01667, 1.218e-18, 
177.01783, 1.239e-18, 
177.01900, 1.260e-18, 
177.02016, 1.279e-18, 
177.02133, 1.298e-18, 
177.02249, 1.316e-18, 
177.02366, 1.335e-18, 
177.02483, 1.353e-18, 
177.02599, 1.372e-18, 
177.02715, 1.392e-18, 
177.02832, 1.413e-18, 
177.02949, 1.435e-18, 
177.03065, 1.459e-18, 
177.03181, 1.483e-18, 
177.03298, 1.508e-18, 
177.03415, 1.533e-18, 
177.03531, 1.557e-18, 
177.03648, 1.582e-18, 
177.03764, 1.604e-18, 
177.03881, 1.625e-18, 
177.03997, 1.646e-18, 
177.04114, 1.665e-18, 
177.04230, 1.684e-18, 
177.04347, 1.701e-18, 
177.04463, 1.716e-18, 
177.04580, 1.729e-18, 
177.04697, 1.741e-18, 
177.04813, 1.751e-18, 
177.04929, 1.759e-18, 
177.05046, 1.766e-18, 
177.05163, 1.772e-18, 
177.05279, 1.776e-18, 
177.05396, 1.781e-18, 
177.05512, 1.787e-18, 
177.05629, 1.793e-18, 
177.05745, 1.800e-18, 
177.05862, 1.807e-18, 
177.05978, 1.816e-18, 
177.06095, 1.828e-18, 
177.06211, 1.840e-18, 
177.06328, 1.853e-18, 
177.06444, 1.870e-18, 
177.06561, 1.887e-18, 
177.06678, 1.908e-18, 
177.06794, 1.930e-18, 
177.06910, 1.954e-18, 
177.07027, 1.978e-18, 
177.07143, 2.001e-18, 
177.07260, 2.024e-18, 
177.07376, 2.041e-18, 
177.07493, 2.056e-18, 
177.07610, 2.067e-18, 
177.07726, 2.073e-18, 
177.07843, 2.076e-18, 
177.07959, 2.076e-18, 
177.08076, 2.074e-18, 
177.08192, 2.071e-18, 
177.08309, 2.070e-18, 
177.08425, 2.067e-18, 
177.08542, 2.065e-18, 
177.08658, 2.065e-18, 
177.08775, 2.067e-18, 
177.08891, 2.068e-18, 
177.09008, 2.071e-18, 
177.09124, 2.076e-18, 
177.09241, 2.080e-18, 
177.09358, 2.087e-18, 
177.09474, 2.093e-18, 
177.09591, 2.099e-18, 
177.09707, 2.104e-18, 
177.09824, 2.107e-18, 
177.09940, 2.108e-18, 
177.10057, 2.105e-18, 
177.10173, 2.101e-18, 
177.10290, 2.093e-18, 
177.10406, 2.083e-18, 
177.10523, 2.073e-18, 
177.10639, 2.062e-18, 
177.10756, 2.052e-18, 
177.10872, 2.041e-18, 
177.10989, 2.033e-18, 
177.11105, 2.025e-18, 
177.11222, 2.019e-18, 
177.11338, 2.015e-18, 
177.11455, 2.010e-18, 
177.11571, 2.007e-18, 
177.11688, 2.006e-18, 
177.11805, 2.004e-18, 
177.11921, 2.004e-18, 
177.12038, 2.004e-18, 
177.12154, 2.006e-18, 
177.12271, 2.009e-18, 
177.12387, 2.012e-18, 
177.12504, 2.016e-18, 
177.12620, 2.021e-18, 
177.12737, 2.027e-18, 
177.12853, 2.030e-18, 
177.12970, 2.033e-18, 
177.13086, 2.034e-18, 
177.13203, 2.031e-18, 
177.13319, 2.025e-18, 
177.13436, 2.018e-18, 
177.13552, 2.006e-18, 
177.13669, 1.991e-18, 
177.13786, 1.976e-18, 
177.13902, 1.961e-18, 
177.14019, 1.948e-18, 
177.14135, 1.936e-18, 
177.14251, 1.926e-18, 
177.14368, 1.920e-18, 
177.14485, 1.917e-18, 
177.14601, 1.916e-18, 
177.14718, 1.914e-18, 
177.14834, 1.913e-18, 
177.14951, 1.910e-18, 
177.15067, 1.905e-18, 
177.15184, 1.898e-18, 
177.15300, 1.890e-18, 
177.15417, 1.880e-18, 
177.15533, 1.870e-18, 
177.15650, 1.861e-18, 
177.15766, 1.853e-18, 
177.15883, 1.846e-18, 
177.15999, 1.840e-18, 
177.16116, 1.836e-18, 
177.16233, 1.830e-18, 
177.16349, 1.824e-18, 
177.16466, 1.818e-18, 
177.16582, 1.810e-18, 
177.16699, 1.803e-18, 
177.16815, 1.796e-18, 
177.16932, 1.788e-18, 
177.17048, 1.781e-18, 
177.17165, 1.775e-18, 
177.17281, 1.770e-18, 
177.17398, 1.767e-18, 
177.17514, 1.766e-18, 
177.17631, 1.764e-18, 
177.17748, 1.763e-18, 
177.17864, 1.761e-18, 
177.17980, 1.759e-18, 
177.18097, 1.754e-18, 
177.18213, 1.751e-18, 
177.18330, 1.745e-18, 
177.18447, 1.741e-18, 
177.18563, 1.736e-18, 
177.18680, 1.733e-18, 
177.18796, 1.730e-18, 
177.18913, 1.729e-18, 
177.19029, 1.726e-18, 
177.19146, 1.724e-18, 
177.19262, 1.721e-18, 
177.19379, 1.719e-18, 
177.19495, 1.713e-18, 
177.19612, 1.707e-18, 
177.19728, 1.698e-18, 
177.19845, 1.690e-18, 
177.19961, 1.680e-18, 
177.20078, 1.671e-18, 
177.20195, 1.662e-18, 
177.20311, 1.653e-18, 
177.20428, 1.646e-18, 
177.20544, 1.639e-18, 
177.20661, 1.633e-18, 
177.20777, 1.628e-18, 
177.20894, 1.625e-18, 
177.21010, 1.624e-18, 
177.21127, 1.622e-18, 
177.21243, 1.621e-18, 
177.21360, 1.618e-18, 
177.21476, 1.615e-18, 
177.21593, 1.610e-18, 
177.21709, 1.603e-18, 
177.21826, 1.597e-18, 
177.21942, 1.590e-18, 
177.22059, 1.582e-18, 
177.22176, 1.578e-18, 
177.22292, 1.573e-18, 
177.22409, 1.569e-18, 
177.22525, 1.567e-18, 
177.22642, 1.564e-18, 
177.22758, 1.563e-18, 
177.22875, 1.560e-18, 
177.22991, 1.557e-18, 
177.23108, 1.553e-18, 
177.23224, 1.550e-18, 
177.23341, 1.547e-18, 
177.23457, 1.544e-18, 
177.23574, 1.542e-18, 
177.23690, 1.541e-18, 
177.23807, 1.541e-18, 
177.23923, 1.541e-18, 
177.24040, 1.542e-18, 
177.24156, 1.542e-18, 
177.24273, 1.544e-18, 
177.24389, 1.544e-18, 
177.24506, 1.544e-18, 
177.24623, 1.544e-18, 
177.24739, 1.544e-18, 
177.24856, 1.544e-18, 
177.24972, 1.544e-18, 
177.25088, 1.544e-18, 
177.25205, 1.544e-18, 
177.25322, 1.542e-18, 
177.25438, 1.541e-18, 
177.25555, 1.536e-18, 
177.25671, 1.533e-18, 
177.25788, 1.527e-18, 
177.25904, 1.523e-18, 
177.26021, 1.519e-18, 
177.26137, 1.516e-18, 
177.26254, 1.514e-18, 
177.26370, 1.514e-18, 
177.26487, 1.517e-18, 
177.26604, 1.520e-18, 
177.26720, 1.524e-18, 
177.26836, 1.527e-18, 
177.26953, 1.530e-18, 
177.27070, 1.530e-18, 
177.27186, 1.529e-18, 
177.27302, 1.524e-18, 
177.27419, 1.516e-18, 
177.27536, 1.507e-18, 
177.27652, 1.495e-18, 
177.27769, 1.483e-18, 
177.27885, 1.471e-18, 
177.28002, 1.461e-18, 
177.28118, 1.454e-18, 
177.28235, 1.449e-18, 
177.28351, 1.448e-18, 
177.28468, 1.449e-18, 
177.28584, 1.453e-18, 
177.28701, 1.459e-18, 
177.28817, 1.467e-18, 
177.28934, 1.476e-18, 
177.29050, 1.484e-18, 
177.29167, 1.493e-18, 
177.29283, 1.502e-18, 
177.29400, 1.511e-18, 
177.29517, 1.517e-18, 
177.29633, 1.523e-18, 
177.29750, 1.526e-18, 
177.29866, 1.529e-18, 
177.29983, 1.529e-18, 
177.30099, 1.526e-18, 
177.30216, 1.523e-18, 
177.30332, 1.516e-18, 
177.30449, 1.510e-18, 
177.30565, 1.502e-18, 
177.30682, 1.493e-18, 
177.30798, 1.487e-18, 
177.30915, 1.481e-18, 
177.31032, 1.479e-18, 
177.31148, 1.477e-18, 
177.31264, 1.477e-18, 
177.31381, 1.476e-18, 
177.31497, 1.476e-18, 
177.31614, 1.476e-18, 
177.31730, 1.474e-18, 
177.31847, 1.471e-18, 
177.31964, 1.467e-18, 
177.32080, 1.462e-18, 
177.32197, 1.457e-18, 
177.32313, 1.452e-18, 
177.32430, 1.447e-18, 
177.32546, 1.443e-18, 
177.32663, 1.439e-18, 
177.32779, 1.435e-18, 
177.32896, 1.432e-18, 
177.33012, 1.429e-18, 
177.33129, 1.426e-18, 
177.33245, 1.422e-18, 
177.33362, 1.418e-18, 
177.33478, 1.414e-18, 
177.33595, 1.410e-18, 
177.33711, 1.406e-18, 
177.33828, 1.403e-18, 
177.33945, 1.400e-18, 
177.34061, 1.398e-18, 
177.34178, 1.397e-18, 
177.34294, 1.395e-18, 
177.34411, 1.394e-18, 
177.34527, 1.393e-18, 
177.34644, 1.392e-18, 
177.34760, 1.390e-18, 
177.34877, 1.387e-18, 
177.34993, 1.384e-18, 
177.35110, 1.381e-18, 
177.35226, 1.378e-18, 
177.35343, 1.376e-18, 
177.35460, 1.373e-18, 
177.35576, 1.372e-18, 
177.35692, 1.372e-18, 
177.35809, 1.373e-18, 
177.35925, 1.373e-18, 
177.36042, 1.374e-18, 
177.36159, 1.375e-18, 
177.36275, 1.375e-18, 
177.36392, 1.374e-18, 
177.36508, 1.373e-18, 
177.36625, 1.371e-18, 
177.36741, 1.368e-18, 
177.36858, 1.366e-18, 
177.36974, 1.363e-18, 
177.37091, 1.359e-18, 
177.37207, 1.355e-18, 
177.37324, 1.352e-18, 
177.37440, 1.348e-18, 
177.37557, 1.343e-18, 
177.37673, 1.339e-18, 
177.37790, 1.335e-18, 
177.37906, 1.331e-18, 
177.38023, 1.328e-18, 
177.38140, 1.325e-18, 
177.38256, 1.324e-18, 
177.38372, 1.324e-18, 
177.38489, 1.326e-18, 
177.38606, 1.330e-18, 
177.38722, 1.335e-18, 
177.38839, 1.342e-18, 
177.38955, 1.350e-18, 
177.39072, 1.358e-18, 
177.39188, 1.366e-18, 
177.39305, 1.372e-18, 
177.39421, 1.376e-18, 
177.39538, 1.379e-18, 
177.39654, 1.379e-18, 
177.39771, 1.377e-18, 
177.39887, 1.374e-18, 
177.40004, 1.369e-18, 
177.40120, 1.364e-18, 
177.40237, 1.360e-18, 
177.40353, 1.356e-18, 
177.40470, 1.353e-18, 
177.40587, 1.352e-18, 
177.40703, 1.354e-18, 
177.40819, 1.358e-18, 
177.40936, 1.364e-18, 
177.41053, 1.372e-18, 
177.41169, 1.382e-18, 
177.41286, 1.393e-18, 
177.41402, 1.405e-18, 
177.41519, 1.418e-18, 
177.41635, 1.432e-18, 
177.41752, 1.446e-18, 
177.41868, 1.461e-18, 
177.41985, 1.476e-18, 
177.42101, 1.493e-18, 
177.42218, 1.510e-18, 
177.42334, 1.527e-18, 
177.42451, 1.545e-18, 
177.42567, 1.561e-18, 
177.42684, 1.578e-18, 
177.42801, 1.593e-18, 
177.42917, 1.606e-18, 
177.43034, 1.616e-18, 
177.43150, 1.625e-18, 
177.43267, 1.633e-18, 
177.43383, 1.637e-18, 
177.43500, 1.641e-18, 
177.43616, 1.644e-18, 
177.43733, 1.647e-18, 
177.43849, 1.652e-18, 
177.43966, 1.656e-18, 
177.44082, 1.665e-18, 
177.44199, 1.674e-18, 
177.44315, 1.687e-18, 
177.44432, 1.704e-18, 
177.44548, 1.721e-18, 
177.44665, 1.741e-18, 
177.44782, 1.761e-18, 
177.44898, 1.782e-18, 
177.45015, 1.803e-18, 
177.45131, 1.824e-18, 
177.45248, 1.844e-18, 
177.45364, 1.862e-18, 
177.45481, 1.880e-18, 
177.45597, 1.895e-18, 
177.45714, 1.910e-18, 
177.45830, 1.923e-18, 
177.45947, 1.938e-18, 
177.46063, 1.953e-18, 
177.46180, 1.967e-18, 
177.46296, 1.985e-18, 
177.46413, 2.003e-18, 
177.46529, 2.021e-18, 
177.46646, 2.039e-18, 
177.46762, 2.053e-18, 
177.46879, 2.067e-18, 
177.46995, 2.077e-18, 
177.47112, 2.083e-18, 
177.47229, 2.086e-18, 
177.47345, 2.087e-18, 
177.47462, 2.086e-18, 
177.47578, 2.083e-18, 
177.47695, 2.081e-18, 
177.47811, 2.080e-18, 
177.47928, 2.079e-18, 
177.48044, 2.079e-18, 
177.48161, 2.081e-18, 
177.48277, 2.086e-18, 
177.48394, 2.092e-18, 
177.48510, 2.098e-18, 
177.48627, 2.105e-18, 
177.48743, 2.114e-18, 
177.48860, 2.123e-18, 
177.48976, 2.130e-18, 
177.49093, 2.138e-18, 
177.49210, 2.144e-18, 
177.49326, 2.148e-18, 
177.49442, 2.153e-18, 
177.49559, 2.156e-18, 
177.49676, 2.157e-18, 
177.49792, 2.157e-18, 
177.49909, 2.156e-18, 
177.50025, 2.154e-18, 
177.50142, 2.153e-18, 
177.50258, 2.151e-18, 
177.50375, 2.150e-18, 
177.50491, 2.150e-18, 
177.50608, 2.153e-18, 
177.50724, 2.159e-18, 
177.50841, 2.167e-18, 
177.50957, 2.178e-18, 
177.51074, 2.193e-18, 
177.51190, 2.209e-18, 
177.51307, 2.227e-18, 
177.51424, 2.243e-18, 
177.51540, 2.258e-18, 
177.51656, 2.270e-18, 
177.51773, 2.279e-18, 
177.51890, 2.286e-18, 
177.52006, 2.287e-18, 
177.52123, 2.287e-18, 
177.52239, 2.283e-18, 
177.52356, 2.279e-18, 
177.52472, 2.270e-18, 
177.52589, 2.262e-18, 
177.52705, 2.253e-18, 
177.52822, 2.246e-18, 
177.52938, 2.240e-18, 
177.53055, 2.239e-18, 
177.53171, 2.239e-18, 
177.53288, 2.243e-18, 
177.53404, 2.250e-18, 
177.53521, 2.261e-18, 
177.53638, 2.270e-18, 
177.53754, 2.279e-18, 
177.53870, 2.284e-18, 
177.53987, 2.286e-18, 
177.54104, 2.283e-18, 
177.54220, 2.276e-18, 
177.54337, 2.264e-18, 
177.54453, 2.249e-18, 
177.54570, 2.234e-18, 
177.54686, 2.218e-18, 
177.54803, 2.204e-18, 
177.54919, 2.193e-18, 
177.55036, 2.185e-18, 
177.55153, 2.181e-18, 
177.55269, 2.179e-18, 
177.55385, 2.181e-18, 
177.55502, 2.182e-18, 
177.55618, 2.184e-18, 
177.55735, 2.184e-18, 
177.55851, 2.181e-18, 
177.55968, 2.176e-18, 
177.56084, 2.167e-18, 
177.56201, 2.157e-18, 
177.56318, 2.147e-18, 
177.56434, 2.135e-18, 
177.56551, 2.123e-18, 
177.56667, 2.113e-18, 
177.56784, 2.102e-18, 
177.56900, 2.090e-18, 
177.57017, 2.080e-18, 
177.57133, 2.070e-18, 
177.57250, 2.059e-18, 
177.57366, 2.047e-18, 
177.57483, 2.037e-18, 
177.57599, 2.030e-18, 
177.57716, 2.022e-18, 
177.57832, 2.018e-18, 
177.57949, 2.013e-18, 
177.58066, 2.012e-18, 
177.58182, 2.010e-18, 
177.58299, 2.009e-18, 
177.58415, 2.006e-18, 
177.58532, 2.001e-18, 
177.58648, 1.994e-18, 
177.58765, 1.987e-18, 
177.58881, 1.976e-18, 
177.58998, 1.967e-18, 
177.59114, 1.957e-18, 
177.59231, 1.948e-18, 
177.59347, 1.941e-18, 
177.59464, 1.933e-18, 
177.59580, 1.929e-18, 
177.59697, 1.924e-18, 
177.59813, 1.920e-18, 
177.59930, 1.917e-18, 
177.60046, 1.914e-18, 
177.60163, 1.910e-18, 
177.60280, 1.904e-18, 
177.60396, 1.898e-18, 
177.60513, 1.889e-18, 
177.60629, 1.879e-18, 
177.60746, 1.867e-18, 
177.60862, 1.852e-18, 
177.60979, 1.839e-18, 
177.61095, 1.825e-18, 
177.61212, 1.813e-18, 
177.61328, 1.804e-18, 
177.61445, 1.797e-18, 
177.61561, 1.794e-18, 
177.61678, 1.793e-18, 
177.61794, 1.791e-18, 
177.61911, 1.791e-18, 
177.62028, 1.788e-18, 
177.62144, 1.784e-18, 
177.62260, 1.775e-18, 
177.62377, 1.764e-18, 
177.62494, 1.750e-18, 
177.62610, 1.735e-18, 
177.62727, 1.719e-18, 
177.62843, 1.702e-18, 
177.62960, 1.689e-18, 
177.63076, 1.677e-18, 
177.63193, 1.667e-18, 
177.63309, 1.659e-18, 
177.63426, 1.655e-18, 
177.63542, 1.652e-18, 
177.63659, 1.649e-18, 
177.63775, 1.647e-18, 
177.63892, 1.646e-18, 
177.64008, 1.643e-18, 
177.64125, 1.640e-18, 
177.64241, 1.636e-18, 
177.64358, 1.630e-18, 
177.64474, 1.624e-18, 
177.64591, 1.615e-18, 
177.64707, 1.604e-18, 
177.64824, 1.594e-18, 
177.64941, 1.582e-18, 
177.65057, 1.570e-18, 
177.65174, 1.559e-18, 
177.65290, 1.547e-18, 
177.65407, 1.535e-18, 
177.65523, 1.524e-18, 
177.65640, 1.516e-18, 
177.65756, 1.508e-18, 
177.65873, 1.501e-18, 
177.65989, 1.495e-18, 
177.66106, 1.489e-18, 
177.66222, 1.484e-18, 
177.66339, 1.479e-18, 
177.66456, 1.474e-18, 
177.66572, 1.468e-18, 
177.66689, 1.462e-18, 
177.66805, 1.455e-18, 
177.66921, 1.446e-18, 
177.67038, 1.436e-18, 
177.67154, 1.426e-18, 
177.67271, 1.416e-18, 
177.67388, 1.408e-18, 
177.67504, 1.401e-18, 
177.67621, 1.395e-18, 
177.67737, 1.392e-18, 
177.67854, 1.390e-18, 
177.67970, 1.389e-18, 
177.68087, 1.390e-18, 
177.68203, 1.390e-18, 
177.68320, 1.391e-18, 
177.68436, 1.392e-18, 
177.68553, 1.392e-18, 
177.68669, 1.392e-18, 
177.68786, 1.391e-18, 
177.68902, 1.390e-18, 
177.69019, 1.388e-18, 
177.69136, 1.385e-18, 
177.69252, 1.382e-18, 
177.69369, 1.379e-18, 
177.69485, 1.375e-18, 
177.69602, 1.372e-18, 
177.69718, 1.368e-18, 
177.69835, 1.365e-18, 
177.69951, 1.362e-18, 
177.70068, 1.360e-18, 
177.70184, 1.357e-18, 
177.70301, 1.354e-18, 
177.70417, 1.351e-18, 
177.70534, 1.347e-18, 
177.70650, 1.344e-18, 
177.70767, 1.341e-18, 
177.70883, 1.337e-18, 
177.71000, 1.335e-18, 
177.71116, 1.333e-18, 
177.71233, 1.331e-18, 
177.71349, 1.330e-18, 
177.71466, 1.330e-18, 
177.71583, 1.330e-18, 
177.71699, 1.330e-18, 
177.71816, 1.330e-18, 
177.71932, 1.330e-18, 
177.72049, 1.331e-18, 
177.72165, 1.331e-18, 
177.72282, 1.332e-18, 
177.72398, 1.332e-18, 
177.72515, 1.333e-18, 
177.72631, 1.333e-18, 
177.72748, 1.334e-18, 
177.72864, 1.334e-18, 
177.72981, 1.333e-18, 
177.73097, 1.332e-18, 
177.73214, 1.330e-18, 
177.73330, 1.329e-18, 
177.73447, 1.328e-18, 
177.73564, 1.328e-18, 
177.73680, 1.330e-18, 
177.73796, 1.333e-18, 
177.73913, 1.339e-18, 
177.74030, 1.345e-18, 
177.74146, 1.351e-18, 
177.74263, 1.357e-18, 
177.74379, 1.361e-18, 
177.74496, 1.362e-18, 
177.74612, 1.361e-18, 
177.74729, 1.357e-18, 
177.74845, 1.351e-18, 
177.74962, 1.344e-18, 
177.75078, 1.337e-18, 
177.75195, 1.330e-18, 
177.75311, 1.326e-18, 
177.75428, 1.323e-18, 
177.75545, 1.322e-18, 
177.75661, 1.322e-18, 
177.75777, 1.323e-18, 
177.75894, 1.324e-18, 
177.76011, 1.325e-18, 
177.76127, 1.326e-18, 
177.76243, 1.327e-18, 
177.76360, 1.327e-18, 
177.76477, 1.328e-18, 
177.76593, 1.329e-18, 
177.76710, 1.330e-18, 
177.76826, 1.332e-18, 
177.76943, 1.334e-18, 
177.77059, 1.335e-18, 
177.77176, 1.336e-18, 
177.77292, 1.336e-18, 
177.77409, 1.335e-18, 
177.77526, 1.334e-18, 
177.77642, 1.332e-18, 
177.77758, 1.330e-18, 
177.77875, 1.326e-18, 
177.77991, 1.322e-18, 
177.78108, 1.316e-18, 
177.78225, 1.309e-18, 
177.78341, 1.300e-18, 
177.78458, 1.291e-18, 
177.78574, 1.281e-18, 
177.78691, 1.270e-18, 
177.78807, 1.260e-18, 
177.78924, 1.252e-18, 
177.79040, 1.247e-18, 
177.79157, 1.243e-18, 
177.79273, 1.243e-18, 
177.79390, 1.244e-18, 
177.79506, 1.248e-18, 
177.79623, 1.253e-18, 
177.79739, 1.258e-18, 
177.79856, 1.263e-18, 
177.79972, 1.265e-18, 
177.80089, 1.266e-18, 
177.80206, 1.265e-18, 
177.80322, 1.261e-18, 
177.80439, 1.256e-18, 
177.80555, 1.250e-18, 
177.80672, 1.243e-18, 
177.80788, 1.237e-18, 
177.80905, 1.232e-18, 
177.81021, 1.227e-18, 
177.81138, 1.224e-18, 
177.81254, 1.221e-18, 
177.81371, 1.219e-18, 
177.81487, 1.216e-18, 
177.81604, 1.214e-18, 
177.81720, 1.212e-18, 
177.81837, 1.209e-18, 
177.81953, 1.207e-18, 
177.82070, 1.204e-18, 
177.82186, 1.203e-18, 
177.82303, 1.201e-18, 
177.82420, 1.201e-18, 
177.82536, 1.200e-18, 
177.82653, 1.200e-18, 
177.82769, 1.199e-18, 
177.82886, 1.199e-18, 
177.83002, 1.199e-18, 
177.83119, 1.199e-18, 
177.83235, 1.200e-18, 
177.83352, 1.202e-18, 
177.83468, 1.205e-18, 
177.83585, 1.209e-18, 
177.83701, 1.214e-18, 
177.83818, 1.218e-18, 
177.83934, 1.221e-18, 
177.84051, 1.222e-18, 
177.84167, 1.221e-18, 
177.84284, 1.218e-18, 
177.84401, 1.213e-18, 
177.84517, 1.206e-18, 
177.84634, 1.198e-18, 
177.84750, 1.191e-18, 
177.84866, 1.184e-18, 
177.84983, 1.179e-18, 
177.85100, 1.174e-18, 
177.85216, 1.171e-18, 
177.85333, 1.168e-18, 
177.85449, 1.166e-18, 
177.85566, 1.164e-18, 
177.85682, 1.162e-18, 
177.85799, 1.161e-18, 
177.85915, 1.162e-18, 
177.86032, 1.163e-18, 
177.86148, 1.164e-18, 
177.86265, 1.166e-18, 
177.86381, 1.168e-18, 
177.86498, 1.169e-18, 
177.86614, 1.169e-18, 
177.86731, 1.167e-18, 
177.86848, 1.163e-18, 
177.86964, 1.158e-18, 
177.87080, 1.152e-18, 
177.87197, 1.146e-18, 
177.87314, 1.140e-18, 
177.87430, 1.136e-18, 
177.87547, 1.132e-18, 
177.87663, 1.130e-18, 
177.87780, 1.129e-18, 
177.87896, 1.129e-18, 
177.88013, 1.129e-18, 
177.88129, 1.129e-18, 
177.88246, 1.129e-18, 
177.88362, 1.127e-18, 
177.88479, 1.124e-18, 
177.88595, 1.120e-18, 
177.88712, 1.116e-18, 
177.88828, 1.111e-18, 
177.88945, 1.107e-18, 
177.89062, 1.104e-18, 
177.89178, 1.102e-18, 
177.89294, 1.102e-18, 
177.89411, 1.104e-18, 
177.89528, 1.107e-18, 
177.89644, 1.111e-18, 
177.89761, 1.115e-18, 
177.89877, 1.119e-18, 
177.89994, 1.122e-18, 
177.90110, 1.124e-18, 
177.90227, 1.125e-18, 
177.90343, 1.125e-18, 
177.90460, 1.126e-18, 
177.90576, 1.127e-18, 
177.90693, 1.130e-18, 
177.90810, 1.134e-18, 
177.90926, 1.139e-18, 
177.91042, 1.144e-18, 
177.91159, 1.149e-18, 
177.91275, 1.154e-18, 
177.91392, 1.159e-18, 
177.91509, 1.161e-18, 
177.91625, 1.163e-18, 
177.91742, 1.163e-18, 
177.91858, 1.163e-18, 
177.91975, 1.162e-18, 
177.92091, 1.161e-18, 
177.92208, 1.160e-18, 
177.92324, 1.160e-18, 
177.92441, 1.160e-18, 
177.92557, 1.162e-18, 
177.92674, 1.165e-18, 
177.92790, 1.170e-18, 
177.92907, 1.177e-18, 
177.93023, 1.185e-18, 
177.93140, 1.194e-18, 
177.93256, 1.204e-18, 
177.93373, 1.214e-18, 
177.93490, 1.225e-18, 
177.93606, 1.235e-18, 
177.93723, 1.244e-18, 
177.93839, 1.252e-18, 
177.93956, 1.258e-18, 
177.94072, 1.262e-18, 
177.94189, 1.265e-18, 
177.94305, 1.266e-18, 
177.94422, 1.265e-18, 
177.94538, 1.263e-18, 
177.94655, 1.259e-18, 
177.94771, 1.256e-18, 
177.94888, 1.252e-18, 
177.95004, 1.248e-18, 
177.95121, 1.245e-18, 
177.95237, 1.244e-18, 
177.95354, 1.243e-18, 
177.95470, 1.243e-18, 
177.95587, 1.243e-18, 
177.95704, 1.244e-18, 
177.95820, 1.246e-18, 
177.95937, 1.247e-18, 
177.96053, 1.248e-18, 
177.96170, 1.249e-18, 
177.96286, 1.250e-18, 
177.96403, 1.251e-18, 
177.96519, 1.252e-18, 
177.96636, 1.254e-18, 
177.96752, 1.256e-18, 
177.96869, 1.258e-18, 
177.96985, 1.261e-18, 
177.97102, 1.264e-18, 
177.97218, 1.268e-18, 
177.97335, 1.271e-18, 
177.97451, 1.273e-18, 
177.97568, 1.276e-18, 
177.97685, 1.277e-18, 
177.97801, 1.277e-18, 
177.97917, 1.277e-18, 
177.98034, 1.276e-18, 
177.98151, 1.274e-18, 
177.98267, 1.273e-18, 
177.98384, 1.271e-18, 
177.98500, 1.269e-18, 
177.98617, 1.267e-18, 
177.98733, 1.266e-18, 
177.98850, 1.265e-18, 
177.98966, 1.265e-18, 
177.99083, 1.265e-18, 
177.99199, 1.266e-18, 
177.99316, 1.268e-18, 
177.99432, 1.271e-18, 
177.99549, 1.276e-18, 
177.99666, 1.284e-18, 
177.99782, 1.293e-18, 
177.99898, 1.304e-18, 
178.00015, 1.316e-18, 
178.00132, 1.329e-18, 
178.00248, 1.343e-18, 
178.00364, 1.356e-18, 
178.00481, 1.368e-18, 
178.00598, 1.380e-18, 
178.00714, 1.390e-18, 
178.00831, 1.400e-18, 
178.00947, 1.410e-18, 
178.01064, 1.420e-18, 
178.01180, 1.429e-18, 
178.01297, 1.439e-18, 
178.01413, 1.449e-18, 
178.01530, 1.459e-18, 
178.01646, 1.469e-18, 
178.01763, 1.480e-18, 
178.01879, 1.490e-18, 
178.01996, 1.501e-18, 
178.02112, 1.511e-18, 
178.02229, 1.523e-18, 
178.02346, 1.535e-18, 
178.02462, 1.550e-18, 
178.02579, 1.563e-18, 
178.02695, 1.579e-18, 
178.02812, 1.594e-18, 
178.02928, 1.610e-18, 
178.03045, 1.625e-18, 
178.03161, 1.639e-18, 
178.03278, 1.650e-18, 
178.03394, 1.661e-18, 
178.03511, 1.667e-18, 
178.03627, 1.671e-18, 
178.03744, 1.674e-18, 
178.03860, 1.676e-18, 
178.03977, 1.676e-18, 
178.04093, 1.676e-18, 
178.04210, 1.677e-18, 
178.04327, 1.679e-18, 
178.04443, 1.683e-18, 
178.04560, 1.689e-18, 
178.04676, 1.696e-18, 
178.04793, 1.704e-18, 
178.04909, 1.713e-18, 
178.05026, 1.721e-18, 
178.05142, 1.729e-18, 
178.05259, 1.735e-18, 
178.05375, 1.738e-18, 
178.05492, 1.741e-18, 
178.05608, 1.741e-18, 
178.05725, 1.741e-18, 
178.05841, 1.739e-18, 
178.05958, 1.738e-18, 
178.06074, 1.736e-18, 
178.06191, 1.735e-18, 
178.06307, 1.732e-18, 
178.06424, 1.727e-18, 
178.06540, 1.723e-18, 
178.06657, 1.717e-18, 
178.06774, 1.710e-18, 
178.06890, 1.702e-18, 
178.07007, 1.692e-18, 
178.07123, 1.683e-18, 
178.07240, 1.674e-18, 
178.07356, 1.665e-18, 
178.07473, 1.659e-18, 
178.07589, 1.653e-18, 
178.07706, 1.650e-18, 
178.07822, 1.649e-18, 
178.07939, 1.649e-18, 
178.08055, 1.650e-18, 
178.08172, 1.650e-18, 
178.08288, 1.652e-18, 
178.08405, 1.653e-18, 
178.08521, 1.653e-18, 
178.08638, 1.653e-18, 
178.08755, 1.652e-18, 
178.08871, 1.649e-18, 
178.08988, 1.647e-18, 
178.09104, 1.643e-18, 
178.09220, 1.639e-18, 
178.09337, 1.633e-18, 
178.09454, 1.625e-18, 
178.09570, 1.616e-18, 
178.09687, 1.606e-18, 
178.09803, 1.596e-18, 
178.09920, 1.585e-18, 
178.10036, 1.576e-18, 
178.10153, 1.569e-18, 
178.10269, 1.564e-18, 
178.10386, 1.560e-18, 
178.10502, 1.560e-18, 
178.10619, 1.560e-18, 
178.10735, 1.561e-18, 
178.10852, 1.564e-18, 
178.10969, 1.567e-18, 
178.11085, 1.570e-18, 
178.11201, 1.575e-18, 
178.11318, 1.578e-18, 
178.11435, 1.579e-18, 
178.11551, 1.582e-18, 
178.11668, 1.584e-18, 
178.11784, 1.582e-18, 
178.11901, 1.581e-18, 
178.12017, 1.578e-18, 
178.12134, 1.573e-18, 
178.12250, 1.566e-18, 
178.12367, 1.559e-18, 
178.12483, 1.551e-18, 
178.12600, 1.542e-18, 
178.12716, 1.533e-18, 
178.12833, 1.526e-18, 
178.12950, 1.519e-18, 
178.13066, 1.511e-18, 
178.13182, 1.504e-18, 
178.13299, 1.498e-18, 
178.13416, 1.493e-18, 
178.13532, 1.487e-18, 
178.13649, 1.484e-18, 
178.13765, 1.480e-18, 
178.13882, 1.476e-18, 
178.13998, 1.473e-18, 
178.14115, 1.470e-18, 
178.14231, 1.468e-18, 
178.14348, 1.466e-18, 
178.14464, 1.464e-18, 
178.14581, 1.464e-18, 
178.14697, 1.466e-18, 
178.14814, 1.468e-18, 
178.14930, 1.471e-18, 
178.15047, 1.474e-18, 
178.15163, 1.477e-18, 
178.15280, 1.479e-18, 
178.15397, 1.480e-18, 
178.15513, 1.479e-18, 
178.15630, 1.476e-18, 
178.15746, 1.472e-18, 
178.15863, 1.467e-18, 
178.15979, 1.462e-18, 
178.16096, 1.456e-18, 
178.16212, 1.451e-18, 
178.16329, 1.447e-18, 
178.16445, 1.444e-18, 
178.16562, 1.441e-18, 
178.16678, 1.438e-18, 
178.16795, 1.434e-18, 
178.16911, 1.430e-18, 
178.17028, 1.425e-18, 
178.17144, 1.419e-18, 
178.17261, 1.413e-18, 
178.17377, 1.406e-18, 
178.17494, 1.399e-18, 
178.17610, 1.394e-18, 
178.17727, 1.390e-18, 
178.17844, 1.387e-18, 
178.17960, 1.385e-18, 
178.18077, 1.385e-18, 
178.18193, 1.386e-18, 
178.18310, 1.388e-18, 
178.18426, 1.390e-18, 
178.18543, 1.392e-18, 
178.18659, 1.393e-18, 
178.18776, 1.395e-18, 
178.18892, 1.395e-18, 
178.19009, 1.395e-18, 
178.19125, 1.394e-18, 
178.19242, 1.392e-18, 
178.19358, 1.388e-18, 
178.19475, 1.384e-18, 
178.19592, 1.379e-18, 
178.19708, 1.374e-18, 
178.19825, 1.369e-18, 
178.19941, 1.364e-18, 
178.20057, 1.359e-18, 
178.20174, 1.356e-18, 
178.20290, 1.352e-18, 
178.20407, 1.349e-18, 
178.20524, 1.346e-18, 
178.20640, 1.344e-18, 
178.20757, 1.342e-18, 
178.20873, 1.339e-18, 
178.20990, 1.337e-18, 
178.21106, 1.335e-18, 
178.21223, 1.333e-18, 
178.21339, 1.331e-18, 
178.21456, 1.330e-18, 
178.21572, 1.329e-18, 
178.21689, 1.328e-18, 
178.21805, 1.327e-18, 
178.21922, 1.325e-18, 
178.22039, 1.323e-18, 
178.22155, 1.320e-18, 
178.22272, 1.316e-18, 
178.22388, 1.312e-18, 
178.22505, 1.307e-18, 
178.22621, 1.302e-18, 
178.22738, 1.298e-18, 
178.22854, 1.294e-18, 
178.22971, 1.291e-18, 
178.23087, 1.288e-18, 
178.23204, 1.287e-18, 
178.23320, 1.287e-18, 
178.23437, 1.288e-18, 
178.23553, 1.289e-18, 
178.23670, 1.292e-18, 
178.23786, 1.295e-18, 
178.23903, 1.298e-18, 
178.24019, 1.300e-18, 
178.24136, 1.303e-18, 
178.24253, 1.304e-18, 
178.24369, 1.304e-18, 
178.24486, 1.303e-18, 
178.24602, 1.302e-18, 
178.24719, 1.301e-18, 
178.24835, 1.299e-18, 
178.24952, 1.297e-18, 
178.25068, 1.295e-18, 
178.25185, 1.293e-18, 
178.25301, 1.291e-18, 
178.25418, 1.289e-18, 
178.25534, 1.287e-18, 
178.25651, 1.284e-18, 
178.25767, 1.281e-18, 
178.25884, 1.278e-18, 
178.26001, 1.275e-18, 
178.26117, 1.272e-18, 
178.26233, 1.269e-18, 
178.26350, 1.267e-18, 
178.26466, 1.266e-18, 
178.26583, 1.267e-18, 
178.26700, 1.269e-18, 
178.26816, 1.272e-18, 
178.26933, 1.275e-18, 
178.27049, 1.279e-18, 
178.27166, 1.282e-18, 
178.27282, 1.285e-18, 
178.27399, 1.287e-18, 
178.27515, 1.288e-18, 
178.27632, 1.289e-18, 
178.27748, 1.290e-18, 
178.27865, 1.292e-18, 
178.27981, 1.295e-18, 
178.28098, 1.299e-18, 
178.28214, 1.303e-18, 
178.28331, 1.308e-18, 
178.28447, 1.312e-18, 
178.28564, 1.316e-18, 
178.28681, 1.318e-18, 
178.28797, 1.318e-18, 
178.28914, 1.317e-18, 
178.29030, 1.316e-18, 
178.29147, 1.314e-18, 
178.29263, 1.312e-18, 
178.29380, 1.311e-18, 
178.29496, 1.311e-18, 
178.29613, 1.312e-18, 
178.29729, 1.315e-18, 
178.29846, 1.319e-18, 
178.29962, 1.324e-18, 
178.30079, 1.330e-18, 
178.30195, 1.337e-18, 
178.30312, 1.344e-18, 
178.30428, 1.351e-18, 
178.30545, 1.357e-18, 
178.30661, 1.364e-18, 
178.30778, 1.370e-18, 
178.30895, 1.376e-18, 
178.31011, 1.382e-18, 
178.31128, 1.387e-18, 
178.31244, 1.390e-18, 
178.31361, 1.392e-18, 
178.31477, 1.393e-18, 
178.31594, 1.392e-18, 
178.31710, 1.388e-18, 
178.31827, 1.384e-18, 
178.31943, 1.379e-18, 
178.32060, 1.375e-18, 
178.32176, 1.372e-18, 
178.32293, 1.373e-18, 
178.32409, 1.376e-18, 
178.32526, 1.383e-18, 
178.32642, 1.393e-18, 
178.32759, 1.405e-18, 
178.32875, 1.417e-18, 
178.32992, 1.429e-18, 
178.33109, 1.440e-18, 
178.33225, 1.449e-18, 
178.33342, 1.456e-18, 
178.33458, 1.460e-18, 
178.33575, 1.463e-18, 
178.33691, 1.464e-18, 
178.33808, 1.464e-18, 
178.33924, 1.464e-18, 
178.34041, 1.463e-18, 
178.34157, 1.462e-18, 
178.34274, 1.462e-18, 
178.34390, 1.461e-18, 
178.34507, 1.460e-18, 
178.34623, 1.459e-18, 
178.34740, 1.458e-18, 
178.34856, 1.456e-18, 
178.34973, 1.454e-18, 
178.35089, 1.452e-18, 
178.35206, 1.449e-18, 
178.35323, 1.445e-18, 
178.35439, 1.442e-18, 
178.35555, 1.438e-18, 
178.35672, 1.434e-18, 
178.35789, 1.431e-18, 
178.35905, 1.428e-18, 
178.36022, 1.425e-18, 
178.36138, 1.423e-18, 
178.36255, 1.421e-18, 
178.36371, 1.421e-18, 
178.36488, 1.421e-18, 
178.36604, 1.423e-18, 
178.36721, 1.425e-18, 
178.36837, 1.429e-18, 
178.36954, 1.434e-18, 
178.37070, 1.440e-18, 
178.37187, 1.447e-18, 
178.37303, 1.455e-18, 
178.37420, 1.463e-18, 
178.37537, 1.473e-18, 
178.37653, 1.484e-18, 
178.37769, 1.496e-18, 
178.37886, 1.510e-18, 
178.38003, 1.526e-18, 
178.38119, 1.544e-18, 
178.38236, 1.563e-18, 
178.38352, 1.582e-18, 
178.38469, 1.601e-18, 
178.38585, 1.621e-18, 
178.38702, 1.640e-18, 
178.38818, 1.659e-18, 
178.38935, 1.679e-18, 
178.39051, 1.699e-18, 
178.39168, 1.720e-18, 
178.39284, 1.742e-18, 
178.39401, 1.764e-18, 
178.39517, 1.788e-18, 
178.39634, 1.810e-18, 
178.39750, 1.834e-18, 
178.39867, 1.856e-18, 
178.39984, 1.879e-18, 
178.40100, 1.901e-18, 
178.40217, 1.924e-18, 
178.40333, 1.948e-18, 
178.40450, 1.973e-18, 
178.40566, 2.000e-18, 
178.40683, 2.028e-18, 
178.40799, 2.058e-18, 
178.40916, 2.087e-18, 
178.41032, 2.117e-18, 
178.41149, 2.144e-18, 
178.41265, 2.167e-18, 
178.41382, 2.190e-18, 
178.41498, 2.207e-18, 
178.41615, 2.222e-18, 
178.41731, 2.236e-18, 
178.41848, 2.249e-18, 
178.41964, 2.261e-18, 
178.42081, 2.276e-18, 
178.42197, 2.290e-18, 
178.42314, 2.307e-18, 
178.42430, 2.326e-18, 
178.42547, 2.345e-18, 
178.42664, 2.366e-18, 
178.42780, 2.387e-18, 
178.42897, 2.407e-18, 
178.43013, 2.427e-18, 
178.43130, 2.443e-18, 
178.43246, 2.459e-18, 
178.43363, 2.473e-18, 
178.43479, 2.484e-18, 
178.43596, 2.493e-18, 
178.43712, 2.501e-18, 
178.43829, 2.507e-18, 
178.43945, 2.514e-18, 
178.44062, 2.520e-18, 
178.44178, 2.527e-18, 
178.44295, 2.536e-18, 
178.44412, 2.547e-18, 
178.44528, 2.557e-18, 
178.44645, 2.569e-18, 
178.44761, 2.582e-18, 
178.44878, 2.594e-18, 
178.44994, 2.606e-18, 
178.45111, 2.615e-18, 
178.45227, 2.621e-18, 
178.45344, 2.625e-18, 
178.45460, 2.628e-18, 
178.45577, 2.628e-18, 
178.45693, 2.625e-18, 
178.45810, 2.621e-18, 
178.45926, 2.616e-18, 
178.46043, 2.610e-18, 
178.46160, 2.604e-18, 
178.46276, 2.599e-18, 
178.46393, 2.593e-18, 
178.46509, 2.585e-18, 
178.46625, 2.579e-18, 
178.46742, 2.573e-18, 
178.46859, 2.567e-18, 
178.46975, 2.561e-18, 
178.47092, 2.557e-18, 
178.47208, 2.554e-18, 
178.47325, 2.553e-18, 
178.47441, 2.553e-18, 
178.47558, 2.556e-18, 
178.47674, 2.560e-18, 
178.47791, 2.566e-18, 
178.47907, 2.572e-18, 
178.48024, 2.578e-18, 
178.48140, 2.581e-18, 
178.48257, 2.582e-18, 
178.48374, 2.582e-18, 
178.48490, 2.579e-18, 
178.48606, 2.573e-18, 
178.48723, 2.567e-18, 
178.48840, 2.559e-18, 
178.48956, 2.548e-18, 
178.49073, 2.539e-18, 
178.49189, 2.529e-18, 
178.49306, 2.519e-18, 
178.49422, 2.510e-18, 
178.49539, 2.501e-18, 
178.49655, 2.493e-18, 
178.49772, 2.486e-18, 
178.49888, 2.479e-18, 
178.50005, 2.470e-18, 
178.50121, 2.462e-18, 
178.50238, 2.453e-18, 
178.50354, 2.444e-18, 
178.50471, 2.436e-18, 
178.50588, 2.427e-18, 
178.50704, 2.418e-18, 
178.50820, 2.410e-18, 
178.50937, 2.403e-18, 
178.51053, 2.396e-18, 
178.51170, 2.388e-18, 
178.51287, 2.381e-18, 
178.51403, 2.375e-18, 
178.51520, 2.367e-18, 
178.51636, 2.360e-18, 
178.51753, 2.353e-18, 
178.51869, 2.344e-18, 
178.51986, 2.336e-18, 
178.52102, 2.327e-18, 
178.52219, 2.319e-18, 
178.52335, 2.310e-18, 
178.52452, 2.301e-18, 
178.52568, 2.290e-18, 
178.52685, 2.283e-18, 
178.52801, 2.276e-18, 
178.52918, 2.270e-18, 
178.53034, 2.267e-18, 
178.53151, 2.264e-18, 
178.53267, 2.262e-18, 
178.53384, 2.262e-18, 
178.53501, 2.262e-18, 
178.53617, 2.262e-18, 
178.53734, 2.261e-18, 
178.53850, 2.258e-18, 
178.53967, 2.255e-18, 
178.54083, 2.249e-18, 
178.54200, 2.240e-18, 
178.54316, 2.228e-18, 
178.54433, 2.213e-18, 
178.54549, 2.197e-18, 
178.54666, 2.179e-18, 
178.54783, 2.160e-18, 
178.54899, 2.141e-18, 
178.55016, 2.126e-18, 
178.55132, 2.111e-18, 
178.55249, 2.101e-18, 
178.55365, 2.093e-18, 
178.55482, 2.086e-18, 
178.55598, 2.080e-18, 
178.55715, 2.073e-18, 
178.55831, 2.062e-18, 
178.55948, 2.049e-18, 
178.56064, 2.033e-18, 
178.56181, 2.015e-18, 
178.56297, 1.994e-18, 
178.56414, 1.973e-18, 
178.56530, 1.953e-18, 
178.56647, 1.933e-18, 
178.56763, 1.916e-18, 
178.56880, 1.898e-18, 
178.56996, 1.884e-18, 
178.57113, 1.873e-18 