   0.5  0.000E+00  2.095E+19  5.620E+18  260.2  0.000E+00
    1.5  0.000E+00  1.855E+19  4.976E+18  257.5  0.000E+00
    2.5  0.000E+00  1.647E+19  4.418E+18  253.8  0.000E+00
    3.5  0.000E+00  1.463E+19  3.925E+18  249.3  0.000E+00
    4.5  0.000E+00  1.299E+19  3.484E+18  244.6  0.000E+00
    5.5  0.000E+00  1.150E+19  3.085E+18  239.8  0.000E+00
    6.5  0.000E+00  1.015E+19  2.724E+18  235.2  0.000E+00
    7.5  0.000E+00  8.926E+18  2.394E+18  231.1  0.000E+00
    8.5  0.000E+00  7.808E+18  2.095E+18  227.6  0.000E+00
    9.5  0.000E+00  6.794E+18  1.823E+18  225.0  0.000E+00
   10.5  0.000E+00  5.879E+18  1.577E+18  223.2  0.000E+00
   11.5  0.000E+00  5.062E+18  1.358E+18  222.5  0.000E+00
   12.5  0.000E+00  4.344E+18  1.165E+18  222.4  0.000E+00
   13.5  0.000E+00  3.720E+18  9.981E+17  222.8  0.000E+00
   14.5  0.000E+00  3.184E+18  8.542E+17  223.4  0.000E+00
   15.5  0.000E+00  2.726E+18  7.312E+17  224.1  0.000E+00
   16.5  0.000E+00  2.335E+18  6.264E+17  224.8  0.000E+00
   17.5  0.000E+00  2.002E+18  5.371E+17  225.3  0.000E+00
   18.5  0.000E+00  1.718E+18  4.609E+17  225.8  0.000E+00
   19.5  0.000E+00  1.476E+18  3.959E+17  226.1  0.000E+00
   20.5  0.000E+00  1.269E+18  3.404E+17  226.3  0.000E+00
   21.5  0.000E+00  1.092E+18  2.928E+17  226.3  0.000E+00
   22.5  0.000E+00  9.396E+17  2.521E+17  226.3  0.000E+00
   23.5  0.000E+00  8.088E+17  2.170E+17  226.2  0.000E+00
   24.5  0.000E+00  6.963E+17  1.868E+17  226.1  0.000E+00
   25.5  0.000E+00  5.992E+17  1.608E+17  226.1  0.000E+00
   26.5  0.000E+00  5.155E+17  1.383E+17  226.1  0.000E+00
   27.5  0.000E+00  4.433E+17  1.189E+17  226.3  0.000E+00
   28.5  0.000E+00  3.809E+17  1.022E+17  226.8  0.000E+00
   29.5  0.000E+00  3.271E+17  8.775E+16  227.4  0.000E+00
   30.5  0.000E+00  2.807E+17  7.529E+16  228.4  0.000E+00
   31.5  0.000E+00  2.407E+17  6.456E+16  229.7  0.000E+00
   32.5  0.000E+00  2.062E+17  5.531E+16  231.4  0.000E+00
   33.5  0.000E+00  1.765E+17  4.736E+16  233.7  0.000E+00
   34.5  0.000E+00  1.511E+17  4.054E+16  236.3  0.000E+00
   35.5  0.000E+00  1.294E+17  3.472E+16  239.3  0.000E+00
   36.5  0.000E+00  1.109E+17  2.975E+16  242.7  0.000E+00
   37.5  0.000E+00  9.516E+16  2.553E+16  246.2  0.000E+00
   38.5  0.000E+00  8.179E+16  2.194E+16  250.0  0.000E+00
   39.5  0.000E+00  7.043E+16  1.890E+16  253.8  0.000E+00
   40.5  0.000E+00  6.080E+16  1.631E+16  257.7  0.000E+00
   41.5  0.000E+00  5.262E+16  1.412E+16  261.3  0.000E+00
   42.5  0.000E+00  4.567E+16  1.225E+16  264.8  0.000E+00
   43.5  0.000E+00  3.977E+16  1.067E+16  267.9  0.000E+00
   44.5  0.000E+00  3.475E+16  9.323E+15  270.4  0.000E+00
   45.5  0.000E+00  3.048E+16  8.176E+15  272.3  0.000E+00
   46.5  0.000E+00  2.681E+16  7.193E+15  273.5  0.000E+00
   47.5  0.000E+00  2.366E+16  6.347E+15  274.1  0.000E+00
   48.5  0.000E+00  2.092E+16  5.613E+15  274.0  0.000E+00
   49.5  0.000E+00  1.854E+16  4.973E+15  273.5  0.000E+00
   50.5  0.000E+00  1.644E+16  4.411E+15  272.5  0.000E+00
   51.5  0.000E+00  1.460E+16  3.916E+15  271.1  0.000E+00
   52.5  0.000E+00  1.297E+16  3.478E+15  269.5  0.000E+00
   53.5  0.000E+00  1.152E+16  3.090E+15  267.7  0.000E+00
   54.5  0.000E+00  1.023E+16  2.743E+15  265.8  0.000E+00
   55.5  0.000E+00  9.073E+15  2.434E+15  263.8  0.000E+00
   56.5  0.000E+00  8.044E+15  2.158E+15  261.8  0.000E+00
   57.5  0.000E+00  7.127E+15  1.912E+15  259.7  0.000E+00
   58.5  0.000E+00  6.309E+15  1.692E+15  257.6  0.000E+00
   59.5  0.000E+00  5.581E+15  1.497E+15  255.5  0.000E+00
   60.5  0.000E+00  4.933E+15  1.323E+15  253.3  0.000E+00
   61.5  0.000E+00  4.357E+15  1.169E+15  251.0  0.000E+00
   62.5  0.000E+00  3.845E+15  1.032E+15  248.6  0.000E+00
   63.5  0.000E+00  3.391E+15  9.094E+14  246.2  0.000E+00
   64.5  0.000E+00  2.988E+15  8.010E+14  243.6  0.000E+00
   65.5  0.000E+00  2.630E+15  7.048E+14  241.0  0.000E+00
   66.5  0.000E+00  2.313E+15  6.197E+14  238.2  0.000E+00
   67.5  0.000E+00  2.032E+15  5.442E+14  235.4  0.000E+00
   68.5  0.000E+00  1.784E+15  4.774E+14  232.4  0.000E+00
   69.5  0.000E+00  1.563E+15  4.183E+14  229.4  0.000E+00
   70.5  0.000E+00  1.369E+15  3.660E+14  226.2  0.000E+00
   71.5  0.000E+00  1.196E+15  3.198E+14  223.0  0.000E+00
   72.5  2.111E+07  1.044E+15  2.791E+14  219.6  2.318E+03
   73.5  4.688E+07  9.091E+14  2.428E+14  216.0  6.824E+03
   74.5  1.030E+08  7.922E+14  2.114E+14  212.0  2.825E+04
   75.5  2.222E+08  6.893E+14  1.838E+14  207.8  1.505E+05
   76.5  4.676E+08  5.985E+14  1.595E+14  203.5  8.637E+05
   77.5  9.546E+08  5.182E+14  1.379E+14  199.1  4.333E+06
   78.5  1.882E+09  4.472E+14  1.189E+14  194.8  1.625E+07
   79.5  3.568E+09  3.845E+14  1.021E+14  190.6  4.294E+07
   80.5  6.488E+09  3.292E+14  8.729E+13  186.6  8.168E+07
   81.5  1.129E+10  2.807E+14  7.429E+13  182.7  1.193E+08
   82.5  1.875E+10  2.383E+14  6.293E+13  179.1  1.435E+08
   83.5  2.975E+10  2.013E+14  5.304E+13  175.8  1.509E+08
   84.5  4.506E+10  1.693E+14  4.448E+13  172.8  1.452E+08
   85.5  6.518E+10  1.418E+14  3.712E+13  170.1  1.319E+08
   86.5  9.015E+10  1.182E+14  3.082E+13  167.7  1.155E+08
   87.5  1.194E+11  9.808E+13  2.547E+13  165.7  9.892E+07
   88.5  1.518E+11  8.108E+13  2.094E+13  164.1  8.359E+07
   89.5  1.855E+11  6.677E+13  1.714E+13  162.9  7.014E+07
   90.5  2.186E+11  5.479E+13  1.397E+13  162.1  5.872E+07
   91.5  2.489E+11  4.483E+13  1.134E+13  161.7  4.919E+07
   92.5  2.748E+11  3.659E+13  9.172E+12  161.9  4.134E+07
   93.5  2.948E+11  2.980E+13  7.395E+12  162.4  3.492E+07
   94.5  3.082E+11  2.423E+13  5.945E+12  163.5  2.967E+07
   95.5  3.150E+11  1.968E+13  4.767E+12  165.1  2.539E+07
   96.5  3.154E+11  1.597E+13  3.815E+12  167.2  2.188E+07
   97.5  3.102E+11  1.296E+13  3.047E+12  169.9  1.899E+07
   98.5  3.004E+11  1.052E+13  2.431E+12  173.4  1.659E+07
   99.5  2.869E+11  8.539E+12  1.936E+12  177.6  1.458E+07
  100.5  2.708E+11  6.937E+12  1.541E+12  182.7  1.287E+07
  101.5  2.530E+11  5.642E+12  1.227E+12  188.8  1.142E+07
  102.5  2.345E+11  4.598E+12  9.768E+11  195.9  1.016E+07
  103.5  2.160E+11  3.758E+12  7.789E+11  204.0  9.075E+06
  104.5  1.980E+11  3.082E+12  6.225E+11  213.1  8.122E+06
  105.5  1.808E+11  2.538E+12  4.990E+11  223.3  7.284E+06
  106.5  1.647E+11  2.100E+12  4.015E+11  234.5  6.545E+06
  107.5  1.499E+11  1.747E+12  3.245E+11  246.7  5.889E+06
  108.5  1.364E+11  1.462E+12  2.636E+11  259.7  5.308E+06
  109.5  1.242E+11  1.232E+12  2.155E+11  273.2  4.794E+06
  110.5  1.133E+11  1.046E+12  1.774E+11  287.0  4.339E+06
  111.5  1.037E+11  8.951E+11  1.472E+11  300.7  3.937E+06
  112.5  9.521E+10  7.716E+11  1.229E+11  314.3  3.581E+06
  113.5  8.763E+10  6.697E+11  1.034E+11  327.8  3.263E+06
  114.5  8.085E+10  5.848E+11  8.747E+10  341.1  2.979E+06
  115.5  7.476E+10  5.136E+11  7.445E+10  354.2  2.723E+06
  116.5  6.926E+10  4.533E+11  6.372E+10  367.3  2.493E+06
  117.5  6.427E+10  4.019E+11  5.481E+10  380.4  2.285E+06
  118.5  5.971E+10  3.576E+11  4.735E+10  393.6  2.095E+06
  119.5  5.552E+10  3.192E+11  4.108E+10  407.1  1.922E+06
  120.5  5.163E+10  2.857E+11  3.576E+10  421.2  1.764E+06
  121.5  4.799E+10  2.561E+11  3.121E+10  436.1  1.618E+06
  122.5  4.457E+10  2.297E+11  2.730E+10  452.4  1.483E+06
  123.5  4.130E+10  2.061E+11  2.391E+10  470.8  1.357E+06
  124.5  3.841E+10  1.859E+11  2.108E+10  488.4  1.245E+06
  125.5  3.583E+10  1.684E+11  1.869E+10  505.5  1.144E+06
  126.5  3.351E+10  1.532E+11  1.666E+10  522.3  1.052E+06
  127.5  3.141E+10  1.399E+11  1.493E+10  538.8  9.694E+05
  128.5  2.951E+10  1.281E+11  1.343E+10  554.8  8.946E+05
  129.5  2.778E+10  1.178E+11  1.214E+10  570.5  8.266E+05
  130.5  2.621E+10  1.085E+11  1.101E+10  585.9  7.648E+05
  131.5  2.476E+10  1.003E+11  1.003E+10  600.9  7.086E+05
  132.5  2.344E+10  9.293E+10  9.166E+09  615.5  6.574E+05
  133.5  2.222E+10  8.629E+10  8.402E+09  629.9  6.107E+05
  134.5  2.109E+10  8.031E+10  7.724E+09  643.9  5.680E+05
  135.5  2.005E+10  7.489E+10  7.121E+09  657.6  5.290E+05
  136.5  1.909E+10  6.997E+10  6.581E+09  670.9  4.933E+05
  137.5  1.819E+10  6.549E+10  6.097E+09  684.0  4.606E+05
  138.5  1.736E+10  6.140E+10  5.661E+09  696.8  4.306E+05
  139.5  1.659E+10  5.766E+10  5.267E+09  709.3  4.031E+05
  140.5  1.586E+10  5.422E+10  4.910E+09  721.5  3.779E+05
  141.5  1.518E+10  5.106E+10  4.586E+09  733.5  3.546E+05
  142.5  1.455E+10  4.816E+10  4.290E+09  745.2  3.333E+05
  143.5  1.396E+10  4.547E+10  4.020E+09  756.6  3.136E+05
  144.5  1.340E+10  4.298E+10  3.773E+09  767.8  2.955E+05
  145.5  1.287E+10  4.068E+10  3.545E+09  778.7  2.787E+05
  146.5  1.238E+10  3.854E+10  3.336E+09  789.4  2.633E+05
  147.5  1.191E+10  3.656E+10  3.143E+09  799.8  2.490E+05
  148.5  1.147E+10  3.470E+10  2.965E+09  810.0  2.359E+05
  149.5  1.105E+10  3.298E+10  2.800E+09  820.0  2.236E+05
  150.5  1.066E+10  3.137E+10  2.647E+09  829.7  2.123E+05
  151.5  1.029E+10  2.986E+10  2.505E+09  839.2  2.019E+05
  152.5  9.934E+09  2.844E+10  2.372E+09  848.6  1.921E+05
  153.5  9.599E+09  2.712E+10  2.249E+09  857.7  1.831E+05
  154.5  9.280E+09  2.588E+10  2.134E+09  866.6  1.747E+05
  155.5  8.976E+09  2.471E+10  2.026E+09  875.3  1.669E+05
  156.5  8.688E+09  2.361E+10  1.926E+09  883.8  1.597E+05
  157.5  8.413E+09  2.257E+10  1.832E+09  892.1  1.529E+05
  158.5  8.151E+09  2.159E+10  1.743E+09  900.2  1.466E+05
  159.5  7.900E+09  2.067E+10  1.660E+09  908.2  1.407E+05
  160.5  7.661E+09  1.980E+10  1.582E+09  916.0  1.353E+05
  161.5  7.433E+09  1.897E+10  1.509E+09  923.6  1.301E+05
  162.5  7.215E+09  1.819E+10  1.440E+09  931.0  1.253E+05
  163.5  7.005E+09  1.745E+10  1.375E+09  938.3  1.209E+05
  164.5  6.805E+09  1.675E+10  1.313E+09  945.4  1.167E+05
  165.5  6.613E+09  1.609E+10  1.255E+09  952.3  1.127E+05
  166.5  6.429E+09  1.546E+10  1.200E+09  959.1  1.090E+05
  167.5  6.252E+09  1.486E+10  1.148E+09  965.8  1.056E+05
  168.5  6.083E+09  1.429E+10  1.099E+09  972.3  1.023E+05
  169.5  5.920E+09  1.374E+10  1.053E+09  978.6  9.924E+04
  170.5  5.763E+09  1.323E+10  1.008E+09  984.8  9.637E+04
  171.5  5.612E+09  1.274E+10  9.664E+08  990.9  9.366E+04
  172.5  5.467E+09  1.227E+10  9.266E+08  996.9  9.111E+04
  173.5  5.327E+09  1.182E+10  8.888E+08 1002.7  8.870E+04
  174.5  5.192E+09  1.139E+10  8.529E+08 1008.3  8.644E+04
  175.5  5.063E+09  1.098E+10  8.187E+08 1013.9  8.430E+04
  176.5  4.937E+09  1.059E+10  7.862E+08 1019.3  8.228E+04
  177.5  4.817E+09  1.022E+10  7.552E+08 1024.6  8.037E+04
  178.5  4.700E+09  9.862E+09  7.256E+08 1029.8  7.857E+04
  179.5  4.587E+09  9.520E+09  6.975E+08 1034.9  7.686E+04
  180.5  4.478E+09  9.193E+09  6.707E+08 1039.9  7.525E+04
  181.5  4.373E+09  8.880E+09  6.450E+08 1044.7  7.372E+04
  182.5  4.271E+09  8.579E+09  6.206E+08 1049.5  7.227E+04
  183.5  4.173E+09  8.291E+09  5.972E+08 1054.1  7.090E+04
  184.5  4.077E+09  8.015E+09  5.749E+08 1058.6  6.959E+04
  185.5  3.985E+09  7.749E+09  5.535E+08 1063.1  6.836E+04
  186.5  3.896E+09  7.495E+09  5.331E+08 1067.4  6.718E+04
  187.5  3.809E+09  7.250E+09  5.136E+08 1071.7  6.607E+04
  188.5  3.725E+09  7.015E+09  4.949E+08 1075.8  6.500E+04
  189.5  3.644E+09  6.789E+09  4.770E+08 1079.9  6.399E+04
  190.5  3.565E+09  6.572E+09  4.599E+08 1083.8  6.303E+04
  191.5  3.488E+09  6.363E+09  4.434E+08 1087.7  6.212E+04
  192.5  3.413E+09  6.162E+09  4.277E+08 1091.5  6.125E+04
  193.5  3.341E+09  5.968E+09  4.126E+08 1095.2  6.042E+04
  194.5  3.271E+09  5.782E+09  3.981E+08 1098.8  5.963E+04
  195.5  3.203E+09  5.602E+09  3.842E+08 1102.4  5.887E+04
  196.5  3.137E+09  5.429E+09  3.708E+08 1105.9  5.815E+04
  197.5  3.072E+09  5.262E+09  3.580E+08 1109.3  5.747E+04
  198.5  3.010E+09  5.102E+09  3.457E+08 1112.6  5.681E+04
  199.5  2.949E+09  4.947E+09  3.338E+08 1115.8  5.618E+04